# Train Loss, Validation Loss, Validation Error, Test Error
1.491678531353290316e+00 1.075577214742318155e+00 6.826923076923077360e+01 4.145633012820512420e+01
1.051452148801241160e+00 8.485112908558968270e-01 6.656650641025640880e+01 0.000000000000000000e+00
7.816742116060012568e-01 5.858757098515828821e-01 6.292067307692307310e+01 0.000000000000000000e+00
6.026469828226627135e-01 4.490938003246600640e-01 5.671073717948718240e+01 0.000000000000000000e+00
4.873822434590412978e-01 3.721413535949511520e-01 5.534855769230768630e+01 0.000000000000000000e+00
4.096451609944685712e-01 3.194874609128022791e-01 5.120192307692307310e+01 0.000000000000000000e+00
3.622720277844331260e-01 3.014676769574483051e-01 5.178285256410256920e+01 0.000000000000000000e+00
3.344680187411797623e-01 2.838635085484920162e-01 5.010016025641025550e+01 0.000000000000000000e+00
3.184812934352801439e-01 2.755441680932656512e-01 4.769631410256410220e+01 0.000000000000000000e+00
3.099969056172248716e-01 2.757195368027075544e-01 4.835737179487179560e+01 0.000000000000000000e+00
3.069609182003216752e-01 2.727274573766268473e-01 4.683493589743589780e+01 0.000000000000000000e+00
3.065521193620486251e-01 2.751888472300309529e-01 4.783653846153846700e+01 0.000000000000000000e+00
3.054344079051262151e-01 2.758206404172457438e-01 4.787660256410256920e+01 0.000000000000000000e+00
3.070321510999630688e-01 2.674664293344204413e-01 4.547275641025640880e+01 0.000000000000000000e+00
3.063491294399285914e-01 2.704891291184303159e-01 4.731570512820512420e+01 0.000000000000000000e+00
3.074122529763441691e-01 2.735312390021788498e-01 4.731570512820512420e+01 0.000000000000000000e+00
3.079431888002615580e-01 2.666661074528327569e-01 4.645432692307691980e+01 0.000000000000000000e+00
3.071380160175837259e-01 2.669431872856922738e-01 4.641426282051281760e+01 0.000000000000000000e+00
3.075606765655370944e-01 2.636904766162236347e-01 4.489182692307691980e+01 0.000000000000000000e+00
3.083447762406789083e-01 2.675544822063201655e-01 4.575320512820512420e+01 0.000000000000000000e+00
3.084783479571342468e-01 2.627361902059652810e-01 4.453125000000000000e+01 0.000000000000000000e+00
3.079274690304046880e-01 2.655594341265849478e-01 4.497195512820512420e+01 0.000000000000000000e+00
3.084138987156060940e-01 2.582719872395197735e-01 4.202724358974359120e+01 0.000000000000000000e+00
3.081248735006039130e-01 2.603658292538080232e-01 4.457131410256410220e+01 0.000000000000000000e+00
3.081756830215454102e-01 2.558619842315331683e-01 4.270833333333332860e+01 0.000000000000000000e+00
3.080619594607597600e-01 2.619582670621382614e-01 4.316907051282051100e+01 0.000000000000000000e+00
3.085267379497870222e-01 2.629111172297062260e-01 4.463141025641025550e+01 0.000000000000000000e+00
3.085118409914848203e-01 2.578459966641206136e-01 4.252804487179487580e+01 0.000000000000000000e+00
3.077042461969913822e-01 2.633006950983634575e-01 4.501201923076922640e+01 0.000000000000000000e+00
3.084809910028408764e-01 2.562401672968497857e-01 4.332932692307691980e+01 0.000000000000000000e+00
3.078987640448105911e-01 2.582601763499088876e-01 4.288862179487179560e+01 0.000000000000000000e+00
3.075127013218708627e-01 2.548318337171505688e-01 4.296875000000000000e+01 0.000000000000000000e+00
3.076668246052203792e-01 2.603378020800076742e-01 4.525240384615384670e+01 0.000000000000000000e+00
3.083787069488794219e-01 2.515295121150138979e-01 4.186698717948718240e+01 0.000000000000000000e+00
3.075360621397311700e-01 2.533337779534168832e-01 4.198717948717948900e+01 0.000000000000000000e+00
3.067453988851644997e-01 2.489932229121526175e-01 4.144631410256410220e+01 0.000000000000000000e+00
3.080015077422826875e-01 2.557696933165574671e-01 4.272836538461538680e+01 0.000000000000000000e+00
3.064752952792705876e-01 2.516378374435963017e-01 4.234775641025640880e+01 0.000000000000000000e+00
3.068400525893920650e-01 2.529245840433316239e-01 4.122596153846153300e+01 0.000000000000000000e+00
3.068644543870901464e-01 2.620345159218861464e-01 4.513221153846153300e+01 0.000000000000000000e+00
3.065822730079675318e-01 2.595524019919909220e-01 4.503205128205128460e+01 0.000000000000000000e+00
3.074306977482942349e-01 2.546313301875041124e-01 4.282852564102563520e+01 0.000000000000000000e+00
3.052839571848893763e-01 2.544851490320303444e-01 4.350961538461538680e+01 0.000000000000000000e+00
3.062645454819385993e-01 2.482653791323686243e-01 4.104567307692308020e+01 0.000000000000000000e+00
3.057965575120387691e-01 2.500026226043701172e-01 4.220753205128205110e+01 0.000000000000000000e+00
3.053797215987474334e-01 2.530640363693237305e-01 4.230769230769230660e+01 0.000000000000000000e+00
3.046918127399224629e-01 2.469641799345994593e-01 4.292868589743589780e+01 0.000000000000000000e+00
3.055789592938545352e-01 2.479254706547810438e-01 4.126602564102563520e+01 0.000000000000000000e+00
3.052036792804033172e-01 2.485878372039550255e-01 4.138621794871794890e+01 0.000000000000000000e+00
3.047097220252721894e-01 2.476906764965791097e-01 4.152644230769230660e+01 0.000000000000000000e+00
3.046660557007178083e-01 2.550360124844771037e-01 4.393028846153846700e+01 0.000000000000000000e+00
3.045951875929648889e-01 2.546627861567032913e-01 4.258814102564102200e+01 0.000000000000000000e+00
3.047969238116191026e-01 2.564747360272285337e-01 4.372996794871794890e+01 0.000000000000000000e+00
3.038105836663490544e-01 2.499895668946779670e-01 4.186698717948718240e+01 0.000000000000000000e+00
3.037346740945791601e-01 2.490786306368998893e-01 4.150641025641025550e+01 0.000000000000000000e+00
3.032090041117790347e-01 2.497033029794692993e-01 4.096554487179487580e+01 0.000000000000000000e+00
3.034267530609399688e-01 2.552203115744468565e-01 4.344951923076922640e+01 0.000000000000000000e+00
3.030873368947933910e-01 2.523830670576829305e-01 4.188701923076922640e+01 0.000000000000000000e+00
3.033412652902113815e-01 2.480113208293914795e-01 4.162660256410256920e+01 0.000000000000000000e+00
3.033351265849211220e-01 2.551828515835297684e-01 4.370993589743589780e+01 0.000000000000000000e+00
3.022756062639065378e-01 2.471832277683111423e-01 4.170673076923077360e+01 0.000000000000000000e+00
3.023239641617506135e-01 2.495824931523738799e-01 4.196714743589743080e+01 0.000000000000000000e+00
3.025958603009199499e-01 2.466046003959117827e-01 4.130608974358974450e+01 0.000000000000000000e+00
3.016794147208715082e-01 2.473208036942359800e-01 4.144631410256410220e+01 0.000000000000000000e+00
3.023286502903852480e-01 2.445661696868065005e-01 4.054487179487179560e+01 0.000000000000000000e+00
3.023525938773766741e-01 2.508981774250666485e-01 4.366987179487179560e+01 0.000000000000000000e+00
3.016691454328023214e-01 2.474329204131395510e-01 4.184695512820512420e+01 0.000000000000000000e+00
3.014877352576989522e-01 2.526364582471358200e-01 4.370993589743589780e+01 0.000000000000000000e+00
3.009029624935908309e-01 2.504437902034857277e-01 4.358974358974359120e+01 0.000000000000000000e+00
3.004299973448117389e-01 2.470133369549726843e-01 4.236778846153846700e+01 0.000000000000000000e+00
3.005729023462686555e-01 2.479114123643972878e-01 4.292868589743589780e+01 0.000000000000000000e+00
3.018155514429777253e-01 2.471080242823331663e-01 4.220753205128205110e+01 0.000000000000000000e+00
3.001831214015300286e-01 2.469432888886867461e-01 4.096554487179487580e+01 0.000000000000000000e+00
3.005166564805385465e-01 2.529655045423752080e-01 4.344951923076922640e+01 0.000000000000000000e+00
2.998797770303029409e-01 2.448318333197862795e-01 4.084535256410256920e+01 0.000000000000000000e+00
2.995507785907158271e-01 2.426291673611371824e-01 4.080528846153846700e+01 0.000000000000000000e+00
2.992677545318236931e-01 2.506993466462844600e-01 4.342948717948718240e+01 0.000000000000000000e+00
2.994420484472543609e-01 2.449446236475920080e-01 4.160657051282051100e+01 0.000000000000000000e+00
2.991426581373581306e-01 2.450906508244000970e-01 4.122596153846153300e+01 0.000000000000000000e+00
2.983594030523911700e-01 2.506100458976550094e-01 4.278846153846153300e+01 0.000000000000000000e+00
2.993193998550757184e-01 2.480538766353558300e-01 4.228766025641025550e+01 0.000000000000000000e+00
2.990116994732465727e-01 2.477164409863643058e-01 4.316907051282051100e+01 0.000000000000000000e+00
2.986265757145025734e-01 2.466193177761175637e-01 4.270833333333332860e+01 0.000000000000000000e+00
2.987800398125098345e-01 2.470359511864491098e-01 4.332932692307691980e+01 0.000000000000000000e+00
2.975315445890793220e-01 2.467848895451961455e-01 4.134615384615384670e+01 0.000000000000000000e+00
2.990229756404191863e-01 2.425020971359350686e-01 4.076522435897436480e+01 0.000000000000000000e+00
2.974146260665013197e-01 2.460389102880771450e-01 4.142628205128205110e+01 0.000000000000000000e+00
2.969929610307400214e-01 2.514214668518457430e-01 4.368990384615384670e+01 0.000000000000000000e+00
2.986814211576412914e-01 2.521923604683998232e-01 4.254807692307691980e+01 0.000000000000000000e+00
2.971575330847349150e-01 2.491640780980770298e-01 4.224759615384615330e+01 0.000000000000000000e+00
2.974431141255757804e-01 2.536458033017622848e-01 4.352964743589743080e+01 0.000000000000000000e+00
2.969165614400154363e-01 2.406432640094023356e-01 4.034455128205128460e+01 0.000000000000000000e+00
2.971263977770621789e-01 2.480074197818071535e-01 4.236778846153846700e+01 0.000000000000000000e+00
2.975286027559867486e-01 2.513479051681665188e-01 4.383012820512820440e+01 0.000000000000000000e+00
2.964113731987965683e-01 2.436717993173843910e-01 4.180689102564102200e+01 0.000000000000000000e+00
2.969452656614474662e-01 2.536411648377394079e-01 4.495192307692308020e+01 0.000000000000000000e+00
2.956813936814283728e-01 2.458501565150725543e-01 4.124599358974359120e+01 0.000000000000000000e+00
2.968371551579389589e-01 2.436399998573156589e-01 4.196714743589743080e+01 0.000000000000000000e+00
2.970696296065281627e-01 2.550564652834182988e-01 4.312900641025640880e+01 0.000000000000000000e+00
2.969537572218821642e-01 2.439697935031010512e-01 4.174679487179487580e+01 0.000000000000000000e+00
