# Epoch, LR, Training Loss, Validation Loss, Validation Error, Best Epoch, Best Validation Error, Test Loss, Test Error
1.000000000000000000e+00 1.000000000000000021e-02 5.171434678710423727e-01 1.596297025680541992e-01 1.138822115384615330e+01 1.000000000000000000e+00 1.138822115384615330e+01 1.671209068825611765e-01 1.224959935897435770e+01
2.000000000000000000e+00 9.772372209558106634e-03 1.517288852960635426e-01 1.018784649383563251e-01 1.128806089743589780e+01 2.000000000000000000e+00 1.128806089743589780e+01 1.072882801198806468e-01 1.172876602564102555e+01
3.000000000000000000e+00 9.549925860214358853e-03 1.272124591737221477e-01 9.347541186098869137e-02 1.039663461538461675e+01 3.000000000000000000e+00 1.039663461538461675e+01 9.871917693183207554e-02 1.110777243589743613e+01
4.000000000000000000e+00 9.332543007969909890e-03 1.233612511020440311e-01 9.772677122591397203e-02 1.213942307692307665e+01 3.000000000000000000e+00 1.039663461538461675e+01 9.871917693183207554e-02 1.110777243589743613e+01
5.000000000000000000e+00 9.120108393559096804e-03 1.227325434103990198e-01 9.344114133944877998e-02 1.100761217948717885e+01 3.000000000000000000e+00 1.039663461538461675e+01 9.871917693183207554e-02 1.110777243589743613e+01
6.000000000000000000e+00 8.912509381337455419e-03 1.205446768838625698e-01 9.515931939658446581e-02 1.176883012820512775e+01 3.000000000000000000e+00 1.039663461538461675e+01 9.871917693183207554e-02 1.110777243589743613e+01
7.000000000000000000e+00 8.709635899560806346e-03 1.190315743860525938e-01 9.196634332721050076e-02 1.140825320512820440e+01 3.000000000000000000e+00 1.039663461538461675e+01 9.871917693183207554e-02 1.110777243589743613e+01
8.000000000000000000e+00 8.511380382023763999e-03 1.207275263583048736e-01 9.570443797378967721e-02 1.128806089743589780e+01 3.000000000000000000e+00 1.039663461538461675e+01 9.871917693183207554e-02 1.110777243589743613e+01
9.000000000000000000e+00 8.317637711026708985e-03 1.198362228580010236e-01 9.314037166917935040e-02 1.206931089743589780e+01 3.000000000000000000e+00 1.039663461538461675e+01 9.871917693183207554e-02 1.110777243589743613e+01
1.000000000000000000e+01 8.128305161640991122e-03 1.191756218098677100e-01 9.464512259150162365e-02 1.334134615384615330e+01 3.000000000000000000e+00 1.039663461538461675e+01 9.871917693183207554e-02 1.110777243589743613e+01
1.100000000000000000e+01 7.943282347242813790e-03 1.194486796664886025e-01 8.818838067161731409e-02 1.066706730769230660e+01 3.000000000000000000e+00 1.039663461538461675e+01 9.871917693183207554e-02 1.110777243589743613e+01
1.200000000000000000e+01 7.762471166286915615e-03 1.153171241092376259e-01 8.942378331453372520e-02 1.169871794871794890e+01 3.000000000000000000e+00 1.039663461538461675e+01 9.871917693183207554e-02 1.110777243589743613e+01
1.300000000000000000e+01 7.585775750291835935e-03 1.166907852658858602e-01 8.824964531530173073e-02 1.108774038461538325e+01 3.000000000000000000e+00 1.039663461538461675e+01 9.871917693183207554e-02 1.110777243589743613e+01
1.400000000000000000e+01 7.413102413009173275e-03 1.161684452150112540e-01 9.417526256770659965e-02 1.235977564102564230e+01 3.000000000000000000e+00 1.039663461538461675e+01 9.871917693183207554e-02 1.110777243589743613e+01
1.500000000000000000e+01 7.244359600749898306e-03 1.170775513045298755e-01 8.671639014322024552e-02 1.088741987179487225e+01 3.000000000000000000e+00 1.039663461538461675e+01 9.871917693183207554e-02 1.110777243589743613e+01
1.600000000000000000e+01 7.079457843841376920e-03 1.160560526335850801e-01 8.846331316118057064e-02 1.181891025641025550e+01 3.000000000000000000e+00 1.039663461538461675e+01 9.871917693183207554e-02 1.110777243589743613e+01
1.700000000000000000e+01 6.918309709189362708e-03 1.168931366350406259e-01 8.098808351235511904e-02 9.945913461538461675e+00 1.700000000000000000e+01 9.945913461538461675e+00 8.414205851463171792e-02 1.015625000000000000e+01
1.800000000000000000e+01 6.760829753919815784e-03 1.140945573838857557e-01 8.186328883927601607e-02 1.037660256410256387e+01 1.700000000000000000e+01 9.945913461538461675e+00 8.414205851463171792e-02 1.015625000000000000e+01
1.900000000000000000e+01 6.606934480075958224e-03 1.125552547283661664e-01 8.203127177862021280e-02 1.046674679487179560e+01 1.700000000000000000e+01 9.945913461538461675e+00 8.414205851463171792e-02 1.015625000000000000e+01
2.000000000000000000e+01 6.456542290346553234e-03 1.149011272459458111e-01 8.735363089885467280e-02 1.138822115384615330e+01 1.700000000000000000e+01 9.945913461538461675e+00 8.414205851463171792e-02 1.015625000000000000e+01
2.100000000000000000e+01 6.309573444801930275e-03 1.130397161230062841e-01 8.090466485382655226e-02 9.244791666666667851e+00 2.100000000000000000e+01 9.244791666666667851e+00 8.456873198827871696e-02 9.905849358974357699e+00
2.200000000000000000e+01 6.165950018614819658e-03 1.102943100417271699e-01 8.117582414967891569e-02 1.042668269230769340e+01 2.100000000000000000e+01 9.244791666666667851e+00 8.456873198827871696e-02 9.905849358974357699e+00
2.300000000000000000e+01 6.025595860743575283e-03 1.105863541746750917e-01 8.333368308078019371e-02 1.068709935897435770e+01 2.100000000000000000e+01 9.244791666666667851e+00 8.456873198827871696e-02 9.905849358974357699e+00
2.400000000000000000e+01 5.888436553555887257e-03 1.101339622758902015e-01 8.034445431370002000e-02 1.056690705128205110e+01 2.100000000000000000e+01 9.244791666666667851e+00 8.456873198827871696e-02 9.905849358974357699e+00
2.500000000000000000e+01 5.754399373371566623e-03 1.086893053008959886e-01 7.716082055599261802e-02 1.012620192307692335e+01 2.100000000000000000e+01 9.244791666666667851e+00 8.456873198827871696e-02 9.905849358974357699e+00
2.600000000000000000e+01 5.623413251903488369e-03 1.097555729823234821e-01 7.848220571684531854e-02 9.995993589743591201e+00 2.100000000000000000e+01 9.244791666666667851e+00 8.456873198827871696e-02 9.905849358974357699e+00
2.700000000000000000e+01 5.495408738576242937e-03 1.095327267853113268e-01 7.284664696989914812e-02 9.244791666666667851e+00 2.700000000000000000e+01 9.244791666666667851e+00 7.756796136546210974e-02 9.785657051282051100e+00
2.800000000000000000e+01 5.370317963702524351e-03 1.100470120899188220e-01 7.792941504755081239e-02 1.035657051282051277e+01 2.700000000000000000e+01 9.244791666666667851e+00 7.756796136546210974e-02 9.785657051282051100e+00
2.900000000000000000e+01 5.248074602497722861e-03 1.083854134075152575e-01 7.311198046096624437e-02 9.224759615384616751e+00 2.900000000000000000e+01 9.224759615384616751e+00 7.726023943187335097e-02 9.645432692307693401e+00
3.000000000000000000e+01 5.128613839913645327e-03 1.081033444557434470e-01 7.525480466966445736e-02 9.385016025641025550e+00 2.900000000000000000e+01 9.224759615384616751e+00 7.726023943187335097e-02 9.645432692307693401e+00
3.100000000000000000e+01 5.011872336272719421e-03 1.063903551071118114e-01 7.501005381345748901e-02 9.314903846153846700e+00 2.900000000000000000e+01 9.224759615384616751e+00 7.726023943187335097e-02 9.645432692307693401e+00
3.200000000000000000e+01 4.897788193684458370e-03 1.077141888821736421e-01 7.241425751589047888e-02 9.284855769230770051e+00 2.900000000000000000e+01 9.224759615384616751e+00 7.726023943187335097e-02 9.645432692307693401e+00
3.300000000000000000e+01 4.786300923226380170e-03 1.056574946985794905e-01 7.235319893329571206e-02 8.994391025641025550e+00 3.300000000000000000e+01 8.994391025641025550e+00 7.555813497553269531e-02 9.595352564102563875e+00
3.400000000000000000e+01 4.677351412871978524e-03 1.050167771486135576e-01 7.083253684238745296e-02 9.284855769230770051e+00 3.300000000000000000e+01 8.994391025641025550e+00 7.555813497553269531e-02 9.595352564102563875e+00
3.500000000000000000e+01 4.570881896148746952e-03 1.039622760353944297e-01 7.077636667646658442e-02 9.064503205128204399e+00 3.300000000000000000e+01 8.994391025641025550e+00 7.555813497553269531e-02 9.595352564102563875e+00
3.600000000000000000e+01 4.466835921509627882e-03 1.027381977973840232e-01 7.075052154369843027e-02 8.794070512820512775e+00 3.600000000000000000e+01 8.794070512820512775e+00 7.248502382292197621e-02 8.944310897435897800e+00
3.700000000000000000e+01 4.365158322401656646e-03 1.036743751894205062e-01 6.979723064563213286e-02 8.764022435897436125e+00 3.700000000000000000e+01 8.764022435897436125e+00 7.370102202567534178e-02 9.314903846153846700e+00
3.800000000000000000e+01 4.265795188015923320e-03 1.036795587875904145e-01 7.446700587677650141e-02 9.605368589743591201e+00 3.700000000000000000e+01 8.764022435897436125e+00 7.370102202567534178e-02 9.314903846153846700e+00
3.900000000000000000e+01 4.168693834703350934e-03 1.043115661312372239e-01 6.954974745615170872e-02 9.074519230769229949e+00 3.700000000000000000e+01 8.764022435897436125e+00 7.370102202567534178e-02 9.314903846153846700e+00
4.000000000000000000e+01 4.073802778041124215e-03 1.002332149312282206e-01 6.678665419801688152e-02 8.333333333333332149e+00 4.000000000000000000e+01 8.333333333333332149e+00 7.142203815806752454e-02 9.264823717948718951e+00
4.100000000000000000e+01 3.981071705534969078e-03 1.006244851801639945e-01 7.034862082069501255e-02 9.104567307692306599e+00 4.000000000000000000e+01 8.333333333333332149e+00 7.142203815806752454e-02 9.264823717948718951e+00
4.200000000000000000e+01 3.890451449942802700e-03 9.768855543090747273e-02 6.878815698795594236e-02 8.774038461538461675e+00 4.000000000000000000e+01 8.333333333333332149e+00 7.142203815806752454e-02 9.264823717948718951e+00
4.300000000000000000e+01 3.801893963205608788e-03 1.002812208846593500e-01 6.503483192183268091e-02 8.002804487179487225e+00 4.300000000000000000e+01 8.002804487179487225e+00 6.822165298180128679e-02 8.403445512820512775e+00
4.400000000000000000e+01 3.715352290971722302e-03 9.855748798984748094e-02 6.972404961020518821e-02 8.904246794871795601e+00 4.300000000000000000e+01 8.002804487179487225e+00 6.822165298180128679e-02 8.403445512820512775e+00
4.500000000000000000e+01 3.630780547701010531e-03 9.819131869918261424e-02 6.774093478153912773e-02 8.834134615384616751e+00 4.300000000000000000e+01 8.002804487179487225e+00 6.822165298180128679e-02 8.403445512820512775e+00
4.600000000000000000e+01 3.548133892335751920e-03 9.704916217388251387e-02 6.462389032523600807e-02 8.303285256410255499e+00 4.300000000000000000e+01 8.002804487179487225e+00 6.822165298180128679e-02 8.403445512820512775e+00
4.700000000000000000e+01 3.467368504525313640e-03 1.001980603218842747e-01 6.337468118335191913e-02 8.203125000000000000e+00 4.300000000000000000e+01 8.002804487179487225e+00 6.822165298180128679e-02 8.403445512820512775e+00
4.800000000000000000e+01 3.388441561392022561e-03 9.600026122270485796e-02 6.567412187369206511e-02 8.153044871794872250e+00 4.300000000000000000e+01 8.002804487179487225e+00 6.822165298180128679e-02 8.403445512820512775e+00
4.900000000000000000e+01 3.311311214825907873e-03 9.560877146820227768e-02 6.339999995170494951e-02 8.092948717948718951e+00 4.300000000000000000e+01 8.002804487179487225e+00 6.822165298180128679e-02 8.403445512820512775e+00
5.000000000000000000e+01 3.235936569296279409e-03 9.498136132382430097e-02 6.119398249743076418e-02 7.562099358974358587e+00 5.000000000000000000e+01 7.562099358974358587e+00 6.378692555098006145e-02 8.163060897435897800e+00
5.100000000000000000e+01 3.162277660168376359e-03 9.493228525687487374e-02 6.101702690984193989e-02 7.702323717948718063e+00 5.000000000000000000e+01 7.562099358974358587e+00 6.378692555098006145e-02 8.163060897435897800e+00
5.200000000000000000e+01 3.090295432513587726e-03 9.346025718901401769e-02 6.033242436555715654e-02 7.532051282051281937e+00 5.200000000000000000e+01 7.532051282051281937e+00 6.404409058487568751e-02 8.223157051282051100e+00
5.300000000000000000e+01 3.019951720402013536e-03 9.479343833831641031e-02 6.577509901940058190e-02 8.523637820512821150e+00 5.200000000000000000e+01 7.532051282051281937e+00 6.404409058487568751e-02 8.223157051282051100e+00
5.400000000000000000e+01 2.951209226666382923e-03 9.521379923591247185e-02 5.952963775071578451e-02 7.772435897435897800e+00 5.200000000000000000e+01 7.532051282051281937e+00 6.404409058487568751e-02 8.223157051282051100e+00
5.500000000000000000e+01 2.884031503126603321e-03 9.064784392905540777e-02 6.094311490559425198e-02 7.922676282051281937e+00 5.200000000000000000e+01 7.532051282051281937e+00 6.404409058487568751e-02 8.223157051282051100e+00
5.600000000000000000e+01 2.818382931264451323e-03 9.263210953810276094e-02 6.068361185204524527e-02 8.042868589743591201e+00 5.200000000000000000e+01 7.532051282051281937e+00 6.404409058487568751e-02 8.223157051282051100e+00
5.700000000000000000e+01 2.754228703338163810e-03 9.448525347770789229e-02 5.796495887140432762e-02 7.431891025641025550e+00 5.700000000000000000e+01 7.431891025641025550e+00 6.139100465971308179e-02 7.912660256410256387e+00
5.800000000000000000e+01 2.691534803926913088e-03 9.082995087672503243e-02 5.764356745072664323e-02 7.391826923076923350e+00 5.800000000000000000e+01 7.391826923076923350e+00 6.089169903395649786e-02 7.752403846153846700e+00
5.900000000000000000e+01 2.630267991895379135e-03 9.064149498366393110e-02 5.989368885564498590e-02 7.862580128205127750e+00 5.800000000000000000e+01 7.391826923076923350e+00 6.089169903395649786e-02 7.752403846153846700e+00
6.000000000000000000e+01 2.570395782768861073e-03 9.125102788974077950e-02 5.763976158908544478e-02 7.431891025641025550e+00 5.800000000000000000e+01 7.391826923076923350e+00 6.089169903395649786e-02 7.752403846153846700e+00
6.100000000000000000e+01 2.511886431509577269e-03 9.078504059177178176e-02 5.754991544362825923e-02 7.642227564102564763e+00 5.800000000000000000e+01 7.391826923076923350e+00 6.089169903395649786e-02 7.752403846153846700e+00
6.200000000000000000e+01 2.454708915685027693e-03 9.029860933048602933e-02 5.753358549032455693e-02 7.662259615384615863e+00 5.800000000000000000e+01 7.391826923076923350e+00 6.089169903395649786e-02 7.752403846153846700e+00
6.300000000000000000e+01 2.398832919019487728e-03 8.964378253007546093e-02 5.811960207155117408e-02 7.532051282051281937e+00 5.800000000000000000e+01 7.391826923076923350e+00 6.089169903395649786e-02 7.752403846153846700e+00
6.400000000000000000e+01 2.344228815319919501e-03 8.909714799851943534e-02 5.761871470186191030e-02 7.602163461538460787e+00 5.800000000000000000e+01 7.391826923076923350e+00 6.089169903395649786e-02 7.752403846153846700e+00
6.500000000000000000e+01 2.290867652767770643e-03 8.869142099641837140e-02 5.653383886107267442e-02 7.081330128205127750e+00 6.500000000000000000e+01 7.081330128205127750e+00 6.036291333536306786e-02 7.752403846153846700e+00
6.600000000000000000e+01 2.238721138568337300e-03 8.670460633360423108e-02 5.458042725252035265e-02 7.051282051282051100e+00 6.600000000000000000e+01 7.051282051282051100e+00 5.942089708211521076e-02 7.632211538461539213e+00
6.700000000000000000e+01 2.187761623949550319e-03 8.817743357175435170e-02 5.952930381187261644e-02 8.092948717948718951e+00 6.600000000000000000e+01 7.051282051282051100e+00 5.942089708211521076e-02 7.632211538461539213e+00
6.800000000000000000e+01 2.137962089502230042e-03 8.588925553246951061e-02 5.312546612456058720e-02 6.830929487179486337e+00 6.800000000000000000e+01 6.830929487179486337e+00 5.619046768436256056e-02 7.371794871794872250e+00
6.900000000000000000e+01 2.089296130854037276e-03 8.760119668948344873e-02 5.495053264670646948e-02 7.091346153846153300e+00 6.800000000000000000e+01 6.830929487179486337e+00 5.619046768436256056e-02 7.371794871794872250e+00
7.000000000000000000e+01 2.041737944669527131e-03 8.579001093331055372e-02 5.221498874613107744e-02 6.850961538461539213e+00 6.800000000000000000e+01 6.830929487179486337e+00 5.619046768436256056e-02 7.371794871794872250e+00
7.100000000000000000e+01 1.995262314968877619e-03 8.499090344860003865e-02 5.450326192359893768e-02 7.021233974358974450e+00 6.800000000000000000e+01 6.830929487179486337e+00 5.619046768436256056e-02 7.371794871794872250e+00
7.200000000000000000e+01 1.949844599758043416e-03 8.694293607886020847e-02 5.602200651684632882e-02 7.311698717948718063e+00 6.800000000000000000e+01 6.830929487179486337e+00 5.619046768436256056e-02 7.371794871794872250e+00
7.300000000000000000e+01 1.905460717963245376e-03 8.528663748158858693e-02 5.376589712567436674e-02 6.820913461538460787e+00 7.300000000000000000e+01 6.820913461538460787e+00 5.659396082568818320e-02 7.411858974358974450e+00
7.400000000000000000e+01 1.862087136662865603e-03 8.612232024853046231e-02 5.775975333287929753e-02 7.602163461538460787e+00 7.300000000000000000e+01 6.820913461538460787e+00 5.659396082568818320e-02 7.411858974358974450e+00
7.500000000000000000e+01 1.819700858609981558e-03 8.469865638285110909e-02 5.309214954001781339e-02 6.941105769230769162e+00 7.300000000000000000e+01 6.820913461538460787e+00 5.659396082568818320e-02 7.411858974358974450e+00
7.600000000000000000e+01 1.778279410038921017e-03 8.278447489898937972e-02 5.346316056182751075e-02 6.720753205128204399e+00 7.600000000000000000e+01 6.720753205128204399e+00 5.691326906283696724e-02 7.291666666666666963e+00
7.700000000000000000e+01 1.737800828749373663e-03 8.627981257935364579e-02 5.235162819138704238e-02 6.991185897435897800e+00 7.600000000000000000e+01 6.720753205128204399e+00 5.691326906283696724e-02 7.291666666666666963e+00
7.800000000000000000e+01 1.698243652461742508e-03 8.530756544608336656e-02 5.415856958820651490e-02 6.921073717948718063e+00 7.600000000000000000e+01 6.720753205128204399e+00 5.691326906283696724e-02 7.291666666666666963e+00
7.900000000000000000e+01 1.659586907437558909e-03 8.244648117285507949e-02 5.258135449809905881e-02 6.951121794871795601e+00 7.600000000000000000e+01 6.720753205128204399e+00 5.691326906283696724e-02 7.291666666666666963e+00
8.000000000000000000e+01 1.621810097358928216e-03 8.216216601431369781e-02 5.224460604576728479e-02 6.760817307692307487e+00 7.600000000000000000e+01 6.720753205128204399e+00 5.691326906283696724e-02 7.291666666666666963e+00
8.100000000000000000e+01 1.584893192461111697e-03 8.262801724366652945e-02 5.155917913772356531e-02 6.911057692307692513e+00 7.600000000000000000e+01 6.720753205128204399e+00 5.691326906283696724e-02 7.291666666666666963e+00
8.200000000000000000e+01 1.548816618912479594e-03 8.156040067283007455e-02 5.282478340161152197e-02 6.911057692307692513e+00 7.600000000000000000e+01 6.720753205128204399e+00 5.691326906283696724e-02 7.291666666666666963e+00
8.300000000000000000e+01 1.513561248436206359e-03 8.259711381143484965e-02 5.068318890885283035e-02 6.620592948717948900e+00 8.300000000000000000e+01 6.620592948717948900e+00 5.389097709065446273e-02 7.171474358974358587e+00
8.400000000000000000e+01 1.479108388168205723e-03 7.991006464148178723e-02 5.062279409657303997e-02 6.420272435897435237e+00 8.400000000000000000e+01 6.420272435897435237e+00 5.406463987683542832e-02 7.291666666666666963e+00
8.500000000000000000e+01 1.445439770745925818e-03 8.003181219100952148e-02 5.288627151495371020e-02 7.001201923076923350e+00 8.400000000000000000e+01 6.420272435897435237e+00 5.406463987683542832e-02 7.291666666666666963e+00
8.600000000000000000e+01 1.412537544622752663e-03 8.078141682423077563e-02 5.195241075200147940e-02 6.941105769230769162e+00 8.400000000000000000e+01 6.420272435897435237e+00 5.406463987683542832e-02 7.291666666666666963e+00
8.700000000000000000e+01 1.380384264602883132e-03 7.957157244284947251e-02 4.971001528872129316e-02 6.500400641025641413e+00 8.400000000000000000e+01 6.420272435897435237e+00 5.406463987683542832e-02 7.291666666666666963e+00
8.800000000000000000e+01 1.348962882591651881e-03 8.134580456102505353e-02 5.145549654769591974e-02 6.500400641025641413e+00 8.400000000000000000e+01 6.420272435897435237e+00 5.406463987683542832e-02 7.291666666666666963e+00
8.900000000000000000e+01 1.318256738556405341e-03 7.918754621193958843e-02 5.165257943698611104e-02 6.580528846153846700e+00 8.400000000000000000e+01 6.420272435897435237e+00 5.406463987683542832e-02 7.291666666666666963e+00
9.000000000000000000e+01 1.288249551693132142e-03 7.947432278440548503e-02 5.132528599829246085e-02 6.720753205128204399e+00 8.400000000000000000e+01 6.420272435897435237e+00 5.406463987683542832e-02 7.291666666666666963e+00
9.100000000000000000e+01 1.258925411794165321e-03 7.852505816098971636e-02 5.107847500879030694e-02 6.290064102564102200e+00 9.100000000000000000e+01 6.290064102564102200e+00 5.468087042204271275e-02 7.101362179487178850e+00
9.200000000000000000e+01 1.230268770812379710e-03 7.959014759995998445e-02 5.142106189846228081e-02 6.680689102564102200e+00 9.100000000000000000e+01 6.290064102564102200e+00 5.468087042204271275e-02 7.101362179487178850e+00
9.300000000000000000e+01 1.202264434617411051e-03 7.672334190171498092e-02 4.800042925545802697e-02 6.270032051282051100e+00 9.300000000000000000e+01 6.270032051282051100e+00 5.252849376605202986e-02 6.720753205128204399e+00
9.400000000000000000e+01 1.174897554939527758e-03 8.112996897827355613e-02 5.045086057044756433e-02 6.480368589743590313e+00 9.300000000000000000e+01 6.270032051282051100e+00 5.252849376605202986e-02 6.720753205128204399e+00
9.500000000000000000e+01 1.148153621496880933e-03 7.664558983957156513e-02 4.972562839826329822e-02 6.460336538461539213e+00 9.300000000000000000e+01 6.270032051282051100e+00 5.252849376605202986e-02 6.720753205128204399e+00
9.600000000000000000e+01 1.122018454301961735e-03 7.796397977150403003e-02 4.883337966524637502e-02 6.320112179487178850e+00 9.300000000000000000e+01 6.270032051282051100e+00 5.252849376605202986e-02 6.720753205128204399e+00
9.700000000000000000e+01 1.096478196143183415e-03 7.524183039099742454e-02 4.940473326505758628e-02 6.440304487179486337e+00 9.300000000000000000e+01 6.270032051282051100e+00 5.252849376605202986e-02 6.720753205128204399e+00
9.800000000000000000e+01 1.071519305237604884e-03 7.574294951672737308e-02 4.840699251359089489e-02 6.229967948717948900e+00 9.800000000000000000e+01 6.229967948717948900e+00 5.180599660170861348e-02 6.860977564102564763e+00
9.900000000000000000e+01 1.047128548050898101e-03 7.631738756138545243e-02 4.741994403780271095e-02 6.129807692307691624e+00 9.900000000000000000e+01 6.129807692307691624e+00 5.135185730297309181e-02 6.750801282051281937e+00
1.000000000000000000e+02 1.023292992280752656e-03 7.589671287972193925e-02 4.963766647359499351e-02 6.510416666666666963e+00 9.900000000000000000e+01 6.129807692307691624e+00 5.135185730297309181e-02 6.750801282051281937e+00
1.010000000000000000e+02 9.999999999999985029e-04 7.691967219878466377e-02 4.901265737433464081e-02 6.530448717948718063e+00 9.900000000000000000e+01 6.129807692307691624e+00 5.135185730297309181e-02 6.750801282051281937e+00
1.020000000000000000e+02 9.772372209558091456e-04 7.603177456901623332e-02 4.687857712642886504e-02 6.169871794871795601e+00 9.900000000000000000e+01 6.129807692307691624e+00 5.135185730297309181e-02 6.750801282051281937e+00
1.030000000000000000e+02 9.549925860214343891e-04 7.496410465011230095e-02 4.928856396761078368e-02 6.650641025641025550e+00 9.900000000000000000e+01 6.129807692307691624e+00 5.135185730297309181e-02 6.750801282051281937e+00
1.040000000000000000e+02 9.332543007969895362e-04 7.637543661090043234e-02 4.798606442860686022e-02 6.380208333333333037e+00 9.900000000000000000e+01 6.129807692307691624e+00 5.135185730297309181e-02 6.750801282051281937e+00
1.050000000000000000e+02 9.120108393559082276e-04 7.635187906905627209e-02 4.744532818977649502e-02 6.149839743589743613e+00 9.900000000000000000e+01 6.129807692307691624e+00 5.135185730297309181e-02 6.750801282051281937e+00
1.060000000000000000e+02 8.912509381337440891e-04 7.605793093068477506e-02 4.791288766771172741e-02 6.260016025641025550e+00 9.900000000000000000e+01 6.129807692307691624e+00 5.135185730297309181e-02 6.750801282051281937e+00
1.070000000000000000e+02 8.709635899560792035e-04 7.623453189929325913e-02 4.707814348288453382e-02 5.979567307692308376e+00 1.070000000000000000e+02 5.979567307692308376e+00 5.086179215532656006e-02 6.670673076923076650e+00
1.080000000000000000e+02 8.511380382023750555e-04 7.493699084107692532e-02 4.759185204807764302e-02 6.069711538461538325e+00 1.070000000000000000e+02 5.979567307692308376e+00 5.086179215532656006e-02 6.670673076923076650e+00
1.090000000000000000e+02 8.317637711026695758e-04 7.521845066012480818e-02 4.761876056018548437e-02 6.219951923076923350e+00 1.070000000000000000e+02 5.979567307692308376e+00 5.086179215532656006e-02 6.670673076923076650e+00
1.100000000000000000e+02 8.128305161640978545e-04 7.411763960352310554e-02 4.846693488219992046e-02 6.410256410256409687e+00 1.070000000000000000e+02 5.979567307692308376e+00 5.086179215532656006e-02 6.670673076923076650e+00
1.110000000000000000e+02 7.943282347242801213e-04 7.380360880723366157e-02 4.774585090434321777e-02 6.250000000000000000e+00 1.070000000000000000e+02 5.979567307692308376e+00 5.086179215532656006e-02 6.670673076923076650e+00
1.120000000000000000e+02 7.762471166286904123e-04 7.375243072135326261e-02 4.746321661588855101e-02 6.239983974358974450e+00 1.070000000000000000e+02 5.979567307692308376e+00 5.086179215532656006e-02 6.670673076923076650e+00
1.130000000000000000e+02 7.585775750291824443e-04 7.458365737245632732e-02 4.795450228863419595e-02 6.179887820512821150e+00 1.070000000000000000e+02 5.979567307692308376e+00 5.086179215532656006e-02 6.670673076923076650e+00
1.140000000000000000e+02 7.413102413009162216e-04 7.452430771902585072e-02 4.657607963786293548e-02 5.999599358974359475e+00 1.070000000000000000e+02 5.979567307692308376e+00 5.086179215532656006e-02 6.670673076923076650e+00
1.150000000000000000e+02 7.244359600749887464e-04 7.310485959244079901e-02 4.619499375948157155e-02 6.119791666666666075e+00 1.070000000000000000e+02 5.979567307692308376e+00 5.086179215532656006e-02 6.670673076923076650e+00
1.160000000000000000e+02 7.079457843841366078e-04 7.337319803161498899e-02 4.708449559238476329e-02 6.199919871794872250e+00 1.070000000000000000e+02 5.979567307692308376e+00 5.086179215532656006e-02 6.670673076923076650e+00
1.170000000000000000e+02 6.918309709189352516e-04 7.375112395638074025e-02 4.507122212686599794e-02 5.969551282051281937e+00 1.170000000000000000e+02 5.969551282051281937e+00 4.866439106468206655e-02 6.510416666666666963e+00
1.180000000000000000e+02 6.760829753919805592e-04 7.328113808463780632e-02 4.541623130297431365e-02 6.129807692307691624e+00 1.170000000000000000e+02 5.969551282051281937e+00 4.866439106468206655e-02 6.510416666666666963e+00
1.190000000000000000e+02 6.606934480075948466e-04 7.162215589330746257e-02 4.534310553796016413e-02 5.789262820512821150e+00 1.190000000000000000e+02 5.789262820512821150e+00 4.893603674374902984e-02 6.450320512820513663e+00
1.200000000000000000e+02 6.456542290346543693e-04 7.279733778574527803e-02 4.572247921560819439e-02 6.129807692307691624e+00 1.190000000000000000e+02 5.789262820512821150e+00 4.893603674374902984e-02 6.450320512820513663e+00
1.210000000000000000e+02 6.309573444801921168e-04 7.105993212033541451e-02 4.655390362947797039e-02 6.179887820512821150e+00 1.190000000000000000e+02 5.789262820512821150e+00 4.893603674374902984e-02 6.450320512820513663e+00
1.220000000000000000e+02 6.165950018614810768e-04 7.085329318084777894e-02 4.671310664465030266e-02 6.209935897435897800e+00 1.190000000000000000e+02 5.789262820512821150e+00 4.893603674374902984e-02 6.450320512820513663e+00
1.230000000000000000e+02 6.025595860743567043e-04 7.322469391883948409e-02 4.556126623915938284e-02 5.719150641025640525e+00 1.230000000000000000e+02 5.719150641025640525e+00 4.918635045088684543e-02 6.420272435897435237e+00
1.240000000000000000e+02 5.888436553555879667e-04 7.239751446132476620e-02 4.682659027047264555e-02 6.300080128205127750e+00 1.230000000000000000e+02 5.719150641025640525e+00 4.918635045088684543e-02 6.420272435897435237e+00
1.250000000000000000e+02 5.754399373371559901e-04 7.107072810714061550e-02 4.528339682385707637e-02 5.939503205128204399e+00 1.230000000000000000e+02 5.719150641025640525e+00 4.918635045088684543e-02 6.420272435897435237e+00
1.260000000000000000e+02 5.623413251903481213e-04 7.230568772707229863e-02 4.505445965780661977e-02 5.689102564102563875e+00 1.260000000000000000e+02 5.689102564102563875e+00 4.839368888403838137e-02 6.300080128205127750e+00
1.270000000000000000e+02 5.495408738576235781e-04 7.363328347221398396e-02 4.568198131015285129e-02 5.809294871794872250e+00 1.260000000000000000e+02 5.689102564102563875e+00 4.839368888403838137e-02 6.300080128205127750e+00
1.280000000000000000e+02 5.370317963702517412e-04 7.018251220385234024e-02 4.596789328094858657e-02 6.129807692307691624e+00 1.260000000000000000e+02 5.689102564102563875e+00 4.839368888403838137e-02 6.300080128205127750e+00
1.290000000000000000e+02 5.248074602497716356e-04 7.135757431387901306e-02 4.601630569698336726e-02 6.069711538461538325e+00 1.260000000000000000e+02 5.689102564102563875e+00 4.839368888403838137e-02 6.300080128205127750e+00
1.300000000000000000e+02 5.128613839913638605e-04 7.301074467026270887e-02 4.504391082968467463e-02 6.089743589743589425e+00 1.260000000000000000e+02 5.689102564102563875e+00 4.839368888403838137e-02 6.300080128205127750e+00
1.310000000000000000e+02 5.011872336272713349e-04 7.113398788258051830e-02 4.510755642341115340e-02 5.859375000000000000e+00 1.260000000000000000e+02 5.689102564102563875e+00 4.839368888403838137e-02 6.300080128205127750e+00
1.320000000000000000e+02 4.897788193684452299e-04 6.995642156555102742e-02 4.478990468077170828e-02 5.849358974358974450e+00 1.260000000000000000e+02 5.689102564102563875e+00 4.839368888403838137e-02 6.300080128205127750e+00
1.330000000000000000e+02 4.786300923226373990e-04 6.844840342035660163e-02 4.570493976084085558e-02 5.959535256410256387e+00 1.260000000000000000e+02 5.689102564102563875e+00 4.839368888403838137e-02 6.300080128205127750e+00
1.340000000000000000e+02 4.677351412871972669e-04 6.972275263605973161e-02 4.553545536234592656e-02 5.859375000000000000e+00 1.260000000000000000e+02 5.689102564102563875e+00 4.839368888403838137e-02 6.300080128205127750e+00
1.350000000000000000e+02 4.570881896148741206e-04 7.140287876320190741e-02 4.587898910857546309e-02 6.019631410256410575e+00 1.260000000000000000e+02 5.689102564102563875e+00 4.839368888403838137e-02 6.300080128205127750e+00
1.360000000000000000e+02 4.466835921509622353e-04 7.119521150031150880e-02 4.593522585212038434e-02 5.869391025641025550e+00 1.260000000000000000e+02 5.689102564102563875e+00 4.839368888403838137e-02 6.300080128205127750e+00
1.370000000000000000e+02 4.365158322401650791e-04 6.950408865052920548e-02 4.406868834764911258e-02 5.669070512820512775e+00 1.370000000000000000e+02 5.669070512820512775e+00 4.658764643887153278e-02 6.410256410256409687e+00
1.380000000000000000e+02 4.265795188015918116e-04 6.865638809708449197e-02 4.431735426903916919e-02 5.598958333333333925e+00 1.380000000000000000e+02 5.598958333333333925e+00 4.729141807183623314e-02 6.029647435897436125e+00
1.390000000000000000e+02 4.168693834703345838e-04 7.008341064628882677e-02 4.464025840831872816e-02 5.859375000000000000e+00 1.380000000000000000e+02 5.598958333333333925e+00 4.729141807183623314e-02 6.029647435897436125e+00
1.400000000000000000e+02 4.073802778041119010e-04 7.302360914838619543e-02 4.621407557995273196e-02 6.109775641025640525e+00 1.380000000000000000e+02 5.598958333333333925e+00 4.729141807183623314e-02 6.029647435897436125e+00
1.410000000000000000e+02 3.981071705534964308e-04 7.007280827905887355e-02 4.524212711466810838e-02 6.099759615384614975e+00 1.380000000000000000e+02 5.598958333333333925e+00 4.729141807183623314e-02 6.029647435897436125e+00
1.420000000000000000e+02 3.890451449942797929e-04 6.919406048762492822e-02 4.482026302661651362e-02 5.919471153846153300e+00 1.380000000000000000e+02 5.598958333333333925e+00 4.729141807183623314e-02 6.029647435897436125e+00
1.430000000000000000e+02 3.801893963205604235e-04 6.929542143375445884e-02 4.512046053050420419e-02 6.039663461538461675e+00 1.380000000000000000e+02 5.598958333333333925e+00 4.729141807183623314e-02 6.029647435897436125e+00
1.440000000000000000e+02 3.715352290971717748e-04 6.960197948874571883e-02 4.467571605570041376e-02 5.719150641025640525e+00 1.380000000000000000e+02 5.598958333333333925e+00 4.729141807183623314e-02 6.029647435897436125e+00
1.450000000000000000e+02 3.630780547701005869e-04 6.813833375389759250e-02 4.385562525250208399e-02 5.839342948717948900e+00 1.380000000000000000e+02 5.598958333333333925e+00 4.729141807183623314e-02 6.029647435897436125e+00
1.460000000000000000e+02 3.548133892335747258e-04 7.007245241831509819e-02 4.314460599412902470e-02 5.578926282051281937e+00 1.460000000000000000e+02 5.578926282051281937e+00 4.710055941280025249e-02 6.179887820512821150e+00
1.470000000000000000e+02 3.467368504525309304e-04 6.890800791100049061e-02 4.358202976007492097e-02 5.398637820512821150e+00 1.470000000000000000e+02 5.398637820512821150e+00 4.733025099341876818e-02 6.189903846153846700e+00
1.480000000000000000e+02 3.388441561392018658e-04 6.885543346213988947e-02 4.419309563504961874e-02 5.598958333333333925e+00 1.470000000000000000e+02 5.398637820512821150e+00 4.733025099341876818e-02 6.189903846153846700e+00
1.490000000000000000e+02 3.311311214825904512e-04 7.038891883805775684e-02 4.574491660325573361e-02 5.919471153846153300e+00 1.470000000000000000e+02 5.398637820512821150e+00 4.733025099341876818e-02 6.189903846153846700e+00
1.500000000000000000e+02 3.235936569296276157e-04 6.769304464642818264e-02 4.377387539268685901e-02 5.618990384615385025e+00 1.470000000000000000e+02 5.398637820512821150e+00 4.733025099341876818e-02 6.189903846153846700e+00
1.510000000000000000e+02 3.162277660168372889e-04 6.989829524014240514e-02 4.455927530160316841e-02 5.839342948717948900e+00 1.470000000000000000e+02 5.398637820512821150e+00 4.733025099341876818e-02 6.189903846153846700e+00
1.520000000000000000e+02 3.090295432513583932e-04 6.853683479130268097e-02 4.255993920975388589e-02 5.568910256410256387e+00 1.470000000000000000e+02 5.398637820512821150e+00 4.733025099341876818e-02 6.189903846153846700e+00
1.530000000000000000e+02 3.019951720402009850e-04 6.893377268734650343e-02 4.365483125767264522e-02 5.739182692307691624e+00 1.470000000000000000e+02 5.398637820512821150e+00 4.733025099341876818e-02 6.189903846153846700e+00
1.540000000000000000e+02 2.951209226666379236e-04 6.709711076930546803e-02 4.535701575999458862e-02 5.909455128205127750e+00 1.470000000000000000e+02 5.398637820512821150e+00 4.733025099341876818e-02 6.189903846153846700e+00
1.550000000000000000e+02 2.884031503126599527e-04 6.682886340870307362e-02 4.547875957229198518e-02 5.929487179487178850e+00 1.470000000000000000e+02 5.398637820512821150e+00 4.733025099341876818e-02 6.189903846153846700e+00
1.560000000000000000e+02 2.818382931264447420e-04 6.871073306179963092e-02 4.324010401391065878e-02 5.669070512820512775e+00 1.470000000000000000e+02 5.398637820512821150e+00 4.733025099341876818e-02 6.189903846153846700e+00
1.570000000000000000e+02 2.754228703338160232e-04 6.831358669277949602e-02 4.453876790089102838e-02 5.869391025641025550e+00 1.470000000000000000e+02 5.398637820512821150e+00 4.733025099341876818e-02 6.189903846153846700e+00
1.580000000000000000e+02 2.691534803926909619e-04 6.800085263183483497e-02 4.482813788434633628e-02 5.799278846153846700e+00 1.470000000000000000e+02 5.398637820512821150e+00 4.733025099341876818e-02 6.189903846153846700e+00
1.590000000000000000e+02 2.630267991895375991e-04 6.696088435367131275e-02 4.355592259134237476e-02 5.699118589743589425e+00 1.470000000000000000e+02 5.398637820512821150e+00 4.733025099341876818e-02 6.189903846153846700e+00
1.600000000000000000e+02 2.570395782768857711e-04 6.779425514814181597e-02 4.385149878306457416e-02 5.749198717948718063e+00 1.470000000000000000e+02 5.398637820512821150e+00 4.733025099341876818e-02 6.189903846153846700e+00
1.610000000000000000e+02 2.511886431509574124e-04 6.889228699490046459e-02 4.316348574148156508e-02 5.689102564102563875e+00 1.470000000000000000e+02 5.398637820512821150e+00 4.733025099341876818e-02 6.189903846153846700e+00
1.620000000000000000e+02 2.454708915685024223e-04 6.691428464956772348e-02 4.466223503009249252e-02 5.949519230769230838e+00 1.470000000000000000e+02 5.398637820512821150e+00 4.733025099341876818e-02 6.189903846153846700e+00
1.630000000000000000e+02 2.398832919019484476e-04 6.895947613968299306e-02 4.426608768363411717e-02 5.578926282051281937e+00 1.470000000000000000e+02 5.398637820512821150e+00 4.733025099341876818e-02 6.189903846153846700e+00
1.640000000000000000e+02 2.344228815319916357e-04 6.821105185036475949e-02 4.356605203774494700e-02 5.629006410256410575e+00 1.470000000000000000e+02 5.398637820512821150e+00 4.733025099341876818e-02 6.189903846153846700e+00
1.650000000000000000e+02 2.290867652767767445e-04 6.712480796835361418e-02 4.389687634717959891e-02 5.779246794871795601e+00 1.470000000000000000e+02 5.398637820512821150e+00 4.733025099341876818e-02 6.189903846153846700e+00
1.660000000000000000e+02 2.238721138568333993e-04 6.716535331156009425e-02 4.318053401911105954e-02 5.729166666666666075e+00 1.470000000000000000e+02 5.398637820512821150e+00 4.733025099341876818e-02 6.189903846153846700e+00
1.670000000000000000e+02 2.187761623949546958e-04 6.891788408542290356e-02 4.386445421438951026e-02 5.689102564102563875e+00 1.470000000000000000e+02 5.398637820512821150e+00 4.733025099341876818e-02 6.189903846153846700e+00
1.680000000000000000e+02 2.137962089502226681e-04 6.846510088787628734e-02 4.328170741120210274e-02 5.669070512820512775e+00 1.470000000000000000e+02 5.398637820512821150e+00 4.733025099341876818e-02 6.189903846153846700e+00
1.690000000000000000e+02 2.089296130854034132e-04 6.786594124367603675e-02 4.353933903173758113e-02 5.588942307692308376e+00 1.470000000000000000e+02 5.398637820512821150e+00 4.733025099341876818e-02 6.189903846153846700e+00
1.700000000000000000e+02 2.041737944669524149e-04 6.706169333595496385e-02 4.340621548442122335e-02 5.649038461538461675e+00 1.470000000000000000e+02 5.398637820512821150e+00 4.733025099341876818e-02 6.189903846153846700e+00
1.710000000000000000e+02 1.995262314968874421e-04 6.775843089398665697e-02 4.336747445930273087e-02 5.659054487179487225e+00 1.470000000000000000e+02 5.398637820512821150e+00 4.733025099341876818e-02 6.189903846153846700e+00
1.720000000000000000e+02 1.949844599758040163e-04 6.665168210673026727e-02 4.395630001687468591e-02 5.789262820512821150e+00 1.470000000000000000e+02 5.398637820512821150e+00 4.733025099341876818e-02 6.189903846153846700e+00
1.730000000000000000e+02 1.905460717963242177e-04 6.742853571016055314e-02 4.391646497429181617e-02 5.488782051282051100e+00 1.470000000000000000e+02 5.398637820512821150e+00 4.733025099341876818e-02 6.189903846153846700e+00
1.740000000000000000e+02 1.862087136662862405e-04 6.899504119960161996e-02 4.402959977204982944e-02 5.709134615384614975e+00 1.470000000000000000e+02 5.398637820512821150e+00 4.733025099341876818e-02 6.189903846153846700e+00
1.750000000000000000e+02 1.819700858609978576e-04 6.723186044165721520e-02 4.453694157732220743e-02 5.719150641025640525e+00 1.470000000000000000e+02 5.398637820512821150e+00 4.733025099341876818e-02 6.189903846153846700e+00
1.760000000000000000e+02 1.778279410038918090e-04 6.649643813188259311e-02 4.350874724630744012e-02 5.719150641025640525e+00 1.470000000000000000e+02 5.398637820512821150e+00 4.733025099341876818e-02 6.189903846153846700e+00
1.770000000000000000e+02 1.737800828749370898e-04 6.718941462727692771e-02 4.415497893037704374e-02 5.699118589743589425e+00 1.470000000000000000e+02 5.398637820512821150e+00 4.733025099341876818e-02 6.189903846153846700e+00
1.780000000000000000e+02 1.698243652461739960e-04 6.685708305583550060e-02 4.246162840475638939e-02 5.468750000000000000e+00 1.470000000000000000e+02 5.398637820512821150e+00 4.733025099341876818e-02 6.189903846153846700e+00
1.790000000000000000e+02 1.659586907437556361e-04 6.705669767390458336e-02 4.390223370864987373e-02 5.618990384615385025e+00 1.470000000000000000e+02 5.398637820512821150e+00 4.733025099341876818e-02 6.189903846153846700e+00
1.800000000000000000e+02 1.621810097358925777e-04 6.700883863063958334e-02 4.527319258508773897e-02 5.699118589743589425e+00 1.470000000000000000e+02 5.398637820512821150e+00 4.733025099341876818e-02 6.189903846153846700e+00
1.810000000000000000e+02 1.584893192461109311e-04 6.633806032821154552e-02 4.222506518738392001e-02 5.518830128205127750e+00 1.470000000000000000e+02 5.398637820512821150e+00 4.733025099341876818e-02 6.189903846153846700e+00
1.820000000000000000e+02 1.548816618912477263e-04 6.625865700726325802e-02 4.195852734100741915e-02 5.368589743589743613e+00 1.820000000000000000e+02 5.368589743589743613e+00 4.477881636016835254e-02 6.039663461538461675e+00
1.830000000000000000e+02 1.513561248436204191e-04 6.480225357107627371e-02 4.252634607016658047e-02 5.538862179487178850e+00 1.820000000000000000e+02 5.368589743589743613e+00 4.477881636016835254e-02 6.039663461538461675e+00
1.840000000000000000e+02 1.479108388168203501e-04 6.681927494131602308e-02 4.254923178217349944e-02 5.679086538461538325e+00 1.820000000000000000e+02 5.368589743589743613e+00 4.477881636016835254e-02 6.039663461538461675e+00
1.850000000000000000e+02 1.445439770745923650e-04 6.741940411619651297e-02 4.353063961920829866e-02 5.528846153846153300e+00 1.820000000000000000e+02 5.368589743589743613e+00 4.477881636016835254e-02 6.039663461538461675e+00
1.860000000000000000e+02 1.412537544622750549e-04 6.737219098095710568e-02 4.322775831828132992e-02 5.669070512820512775e+00 1.820000000000000000e+02 5.368589743589743613e+00 4.477881636016835254e-02 6.039663461538461675e+00
1.870000000000000000e+02 1.380384264602881126e-04 6.680426006324780008e-02 4.407229460775852203e-02 5.649038461538461675e+00 1.820000000000000000e+02 5.368589743589743613e+00 4.477881636016835254e-02 6.039663461538461675e+00
1.880000000000000000e+02 1.348962882591650092e-04 6.585228261657249949e-02 4.303349137831574689e-02 5.679086538461538325e+00 1.820000000000000000e+02 5.368589743589743613e+00 4.477881636016835254e-02 6.039663461538461675e+00
1.890000000000000000e+02 1.318256738556403606e-04 6.371924500816907033e-02 4.347794513719586279e-02 5.699118589743589425e+00 1.820000000000000000e+02 5.368589743589743613e+00 4.477881636016835254e-02 6.039663461538461675e+00
1.900000000000000000e+02 1.288249551693130407e-04 6.554753285570022459e-02 4.421318471670532962e-02 5.799278846153846700e+00 1.820000000000000000e+02 5.368589743589743613e+00 4.477881636016835254e-02 6.039663461538461675e+00
1.910000000000000000e+02 1.258925411794163641e-04 6.635656866889733108e-02 4.307732863638263215e-02 5.538862179487178850e+00 1.820000000000000000e+02 5.368589743589743613e+00 4.477881636016835254e-02 6.039663461538461675e+00
1.920000000000000000e+02 1.230268770812378083e-04 6.642708621728114771e-02 4.377409899368499974e-02 5.618990384615385025e+00 1.820000000000000000e+02 5.368589743589743613e+00 4.477881636016835254e-02 6.039663461538461675e+00
1.930000000000000000e+02 1.202264434617409452e-04 6.547405475225204219e-02 4.240941376879046876e-02 5.608974358974359475e+00 1.820000000000000000e+02 5.368589743589743613e+00 4.477881636016835254e-02 6.039663461538461675e+00
1.940000000000000000e+02 1.174897554939526213e-04 6.511697851312465979e-02 4.483075221427357954e-02 5.869391025641025550e+00 1.820000000000000000e+02 5.368589743589743613e+00 4.477881636016835254e-02 6.039663461538461675e+00
1.950000000000000000e+02 1.148153621496879551e-04 6.637826022238303703e-02 4.345197841907159214e-02 5.899439102564102200e+00 1.820000000000000000e+02 5.368589743589743613e+00 4.477881636016835254e-02 6.039663461538461675e+00
1.960000000000000000e+02 1.122018454301960299e-04 6.518903704216846839e-02 4.269575277486672982e-02 5.629006410256410575e+00 1.820000000000000000e+02 5.368589743589743613e+00 4.477881636016835254e-02 6.039663461538461675e+00
1.970000000000000000e+02 1.096478196143181897e-04 6.826120543365295223e-02 4.267465864093257510e-02 5.458733974358974450e+00 1.820000000000000000e+02 5.368589743589743613e+00 4.477881636016835254e-02 6.039663461538461675e+00
1.980000000000000000e+02 1.071519305237603312e-04 6.605053014862231897e-02 4.407868172543553259e-02 5.699118589743589425e+00 1.820000000000000000e+02 5.368589743589743613e+00 4.477881636016835254e-02 6.039663461538461675e+00
1.990000000000000000e+02 1.047128548050896502e-04 6.458695997030307334e-02 4.395650632870502783e-02 5.839342948717948900e+00 1.820000000000000000e+02 5.368589743589743613e+00 4.477881636016835254e-02 6.039663461538461675e+00
2.000000000000000000e+02 1.023292992280751138e-04 6.583485284294837703e-02 4.227075278042601025e-02 5.588942307692308376e+00 1.820000000000000000e+02 5.368589743589743613e+00 4.477881636016835254e-02 6.039663461538461675e+00
2.010000000000000000e+02 9.999999999999970664e-05 6.378621947115813151e-02 4.249389021872328198e-02 5.578926282051281937e+00 1.820000000000000000e+02 5.368589743589743613e+00 4.477881636016835254e-02 6.039663461538461675e+00
2.020000000000000000e+02 9.772372209558078445e-05 6.559867297227565952e-02 4.310479480773210526e-02 5.709134615384614975e+00 1.820000000000000000e+02 5.368589743589743613e+00 4.477881636016835254e-02 6.039663461538461675e+00
2.030000000000000000e+02 9.549925860214332235e-05 6.556563599942585863e-02 4.299581581010268605e-02 5.809294871794872250e+00 1.820000000000000000e+02 5.368589743589743613e+00 4.477881636016835254e-02 6.039663461538461675e+00
2.040000000000000000e+02 9.332543007969884249e-05 6.698083290113852895e-02 4.447132815869572764e-02 5.869391025641025550e+00 1.820000000000000000e+02 5.368589743589743613e+00 4.477881636016835254e-02 6.039663461538461675e+00
2.050000000000000000e+02 9.120108393559071976e-05 6.600780866275994530e-02 4.312585223800478873e-02 5.749198717948718063e+00 1.820000000000000000e+02 5.368589743589743613e+00 4.477881636016835254e-02 6.039663461538461675e+00
2.060000000000000000e+02 8.912509381337430320e-05 6.481344157304519404e-02 4.355231567453115432e-02 5.779246794871795601e+00 1.820000000000000000e+02 5.368589743589743613e+00 4.477881636016835254e-02 6.039663461538461675e+00
2.070000000000000000e+02 8.709635899560781193e-05 6.511122480225868536e-02 4.243137028354864587e-02 5.418669871794872250e+00 1.820000000000000000e+02 5.368589743589743613e+00 4.477881636016835254e-02 6.039663461538461675e+00
2.080000000000000000e+02 8.511380382023740526e-05 6.530600170103403879e-02 4.152242690085982540e-02 5.618990384615385025e+00 1.820000000000000000e+02 5.368589743589743613e+00 4.477881636016835254e-02 6.039663461538461675e+00
2.090000000000000000e+02 8.317637711026686000e-05 6.438744125457909750e-02 4.206287959972635632e-02 5.548878205128204399e+00 1.820000000000000000e+02 5.368589743589743613e+00 4.477881636016835254e-02 6.039663461538461675e+00
2.100000000000000000e+02 8.128305161640968788e-05 6.619884255222785452e-02 4.305042506744845981e-02 5.759214743589743613e+00 1.820000000000000000e+02 5.368589743589743613e+00 4.477881636016835254e-02 6.039663461538461675e+00
2.110000000000000000e+02 7.943282347242792269e-05 6.464437127877505074e-02 4.277225359319112435e-02 5.739182692307691624e+00 1.820000000000000000e+02 5.368589743589743613e+00 4.477881636016835254e-02 6.039663461538461675e+00
2.120000000000000000e+02 7.762471166286894907e-05 6.553138419985771179e-02 4.173865349581225986e-02 5.358573717948718063e+00 2.120000000000000000e+02 5.358573717948718063e+00 4.513259109509631245e-02 5.869391025641025550e+00
2.130000000000000000e+02 7.585775750291815498e-05 6.458295724139763438e-02 4.238417561954030410e-02 5.468750000000000000e+00 2.120000000000000000e+02 5.358573717948718063e+00 4.513259109509631245e-02 5.869391025641025550e+00
2.140000000000000000e+02 7.413102413009153271e-05 6.738968948141121906e-02 4.153518028891621527e-02 5.448717948717948900e+00 2.120000000000000000e+02 5.358573717948718063e+00 4.513259109509631245e-02 5.869391025641025550e+00
2.150000000000000000e+02 7.244359600749879062e-05 6.689924636903481214e-02 4.267090040808304424e-02 5.578926282051281937e+00 2.120000000000000000e+02 5.358573717948718063e+00 4.513259109509631245e-02 5.869391025641025550e+00
2.160000000000000000e+02 7.079457843841358217e-05 6.331227328150700051e-02 4.194558244676162284e-02 5.428685897435897800e+00 2.120000000000000000e+02 5.358573717948718063e+00 4.513259109509631245e-02 5.869391025641025550e+00
2.170000000000000000e+02 6.918309709189344927e-05 6.435073530062651592e-02 4.189535668597389739e-02 5.629006410256410575e+00 2.120000000000000000e+02 5.358573717948718063e+00 4.513259109509631245e-02 5.869391025641025550e+00
2.180000000000000000e+02 6.760829753919798545e-05 6.502096460033686409e-02 4.276122115791226169e-02 5.498798076923076650e+00 2.120000000000000000e+02 5.358573717948718063e+00 4.513259109509631245e-02 5.869391025641025550e+00
2.190000000000000000e+02 6.606934480075941690e-05 6.545868943421503938e-02 4.371959702947583043e-02 5.889423076923076650e+00 2.120000000000000000e+02 5.358573717948718063e+00 4.513259109509631245e-02 5.869391025641025550e+00
2.200000000000000000e+02 6.456542290346536917e-05 6.474289460442005095e-02 4.169100244792225962e-02 5.498798076923076650e+00 2.120000000000000000e+02 5.358573717948718063e+00 4.513259109509631245e-02 5.869391025641025550e+00
2.210000000000000000e+02 6.309573444801914392e-05 6.562015146781237374e-02 4.281351469361629331e-02 5.709134615384614975e+00 2.120000000000000000e+02 5.358573717948718063e+00 4.513259109509631245e-02 5.869391025641025550e+00
2.220000000000000000e+02 6.165950018614803449e-05 6.513193942224368427e-02 4.085106414575607331e-02 5.358573717948718063e+00 2.220000000000000000e+02 5.358573717948718063e+00 4.344469062739218790e-02 5.759214743589743613e+00
2.230000000000000000e+02 6.025595860743559589e-05 6.521351793064521229e-02 4.272805412228290745e-02 5.488782051282051100e+00 2.220000000000000000e+02 5.358573717948718063e+00 4.344469062739218790e-02 5.759214743589743613e+00
2.240000000000000000e+02 5.888436553555871807e-05 6.673648065099349602e-02 4.180123316697203356e-02 5.528846153846153300e+00 2.220000000000000000e+02 5.358573717948718063e+00 4.344469062739218790e-02 5.759214743589743613e+00
2.250000000000000000e+02 5.754399373371551498e-05 6.669597690686202007e-02 4.333086264057037229e-02 5.669070512820512775e+00 2.220000000000000000e+02 5.358573717948718063e+00 4.344469062739218790e-02 5.759214743589743613e+00
2.260000000000000000e+02 5.623413251903473082e-05 6.399248502193352617e-02 4.237488253662983345e-02 5.468750000000000000e+00 2.220000000000000000e+02 5.358573717948718063e+00 4.344469062739218790e-02 5.759214743589743613e+00
2.270000000000000000e+02 5.495408738576228462e-05 6.418140103610661673e-02 4.234080476304277058e-02 5.438701923076923350e+00 2.220000000000000000e+02 5.358573717948718063e+00 4.344469062739218790e-02 5.759214743589743613e+00
2.280000000000000000e+02 5.370317963702510772e-05 6.522802072457778433e-02 4.209175941725380732e-02 5.368589743589743613e+00 2.220000000000000000e+02 5.358573717948718063e+00 4.344469062739218790e-02 5.759214743589743613e+00
2.290000000000000000e+02 5.248074602497709715e-05 6.412941709351845099e-02 4.227957060226263108e-02 5.588942307692308376e+00 2.220000000000000000e+02 5.358573717948718063e+00 4.344469062739218790e-02 5.759214743589743613e+00
2.300000000000000000e+02 5.128613839913632506e-05 6.397129184542557634e-02 4.048693926336291438e-02 5.348557692307691624e+00 2.300000000000000000e+02 5.348557692307691624e+00 4.388200619275896275e-02 5.799278846153846700e+00
2.310000000000000000e+02 5.011872336272706844e-05 6.417077636489501580e-02 4.350176432098333545e-02 5.859375000000000000e+00 2.300000000000000000e+02 5.348557692307691624e+00 4.388200619275896275e-02 5.799278846153846700e+00
2.320000000000000000e+02 4.897788193684445929e-05 6.215967820622982087e-02 4.226515132886094622e-02 5.608974358974359475e+00 2.300000000000000000e+02 5.348557692307691624e+00 4.388200619275896275e-02 5.799278846153846700e+00
2.330000000000000000e+02 4.786300923226367485e-05 6.433089459553742451e-02 4.149363988723892699e-02 5.398637820512821150e+00 2.300000000000000000e+02 5.348557692307691624e+00 4.388200619275896275e-02 5.799278846153846700e+00
2.340000000000000000e+02 4.677351412871966029e-05 6.440050068956154616e-02 4.117999260480969398e-02 5.418669871794872250e+00 2.300000000000000000e+02 5.348557692307691624e+00 4.388200619275896275e-02 5.799278846153846700e+00
2.350000000000000000e+02 4.570881896148734701e-05 6.422207375558522391e-02 4.229919056002146016e-02 5.528846153846153300e+00 2.300000000000000000e+02 5.348557692307691624e+00 4.388200619275896275e-02 5.799278846153846700e+00
2.360000000000000000e+02 4.466835921509615848e-05 6.476171166659930312e-02 4.151494084642483318e-02 5.378605769230769162e+00 2.300000000000000000e+02 5.348557692307691624e+00 4.388200619275896275e-02 5.799278846153846700e+00
2.370000000000000000e+02 4.365158322401644422e-05 6.536318075198394029e-02 4.258480306284932043e-02 5.538862179487178850e+00 2.300000000000000000e+02 5.348557692307691624e+00 4.388200619275896275e-02 5.799278846153846700e+00
2.380000000000000000e+02 4.265795188015911475e-05 6.380154077823345371e-02 4.236217527292095858e-02 5.538862179487178850e+00 2.300000000000000000e+02 5.348557692307691624e+00 4.388200619275896275e-02 5.799278846153846700e+00
2.390000000000000000e+02 4.168693834703338926e-05 6.486883086080734440e-02 4.161107118647450198e-02 5.348557692307691624e+00 2.390000000000000000e+02 5.348557692307691624e+00 4.547650605225218856e-02 6.159855769230769162e+00
2.400000000000000000e+02 4.073802778041112505e-05 6.469970005444991568e-02 4.217673216062860914e-02 5.478766025641025550e+00 2.390000000000000000e+02 5.348557692307691624e+00 4.547650605225218856e-02 6.159855769230769162e+00
2.410000000000000000e+02 3.981071705534957938e-05 6.342858505936768698e-02 4.303286834739339373e-02 5.789262820512821150e+00 2.390000000000000000e+02 5.348557692307691624e+00 4.547650605225218856e-02 6.159855769230769162e+00
2.420000000000000000e+02 3.890451449942791695e-05 6.339361427877193700e-02 4.194603589339516297e-02 5.348557692307691624e+00 2.420000000000000000e+02 5.348557692307691624e+00 4.491883861602474770e-02 5.749198717948718063e+00
2.430000000000000000e+02 3.801893963205598136e-05 6.444635958625720418e-02 4.117906858953528093e-02 5.358573717948718063e+00 2.420000000000000000e+02 5.348557692307691624e+00 4.491883861602474770e-02 5.749198717948718063e+00
2.440000000000000000e+02 3.715352290971711514e-05 6.384986997223816851e-02 4.293514423979780809e-02 5.679086538461538325e+00 2.420000000000000000e+02 5.348557692307691624e+00 4.491883861602474770e-02 5.749198717948718063e+00
2.450000000000000000e+02 3.630780547700999771e-05 6.419857959143626669e-02 4.228881062366641325e-02 5.438701923076923350e+00 2.420000000000000000e+02 5.348557692307691624e+00 4.491883861602474770e-02 5.749198717948718063e+00
2.460000000000000000e+02 3.548133892335741160e-05 6.490972518729858087e-02 4.207286269117433558e-02 5.598958333333333925e+00 2.420000000000000000e+02 5.348557692307691624e+00 4.491883861602474770e-02 5.749198717948718063e+00
2.470000000000000000e+02 3.467368504525303205e-05 6.428170548035548604e-02 4.232104181144864113e-02 5.478766025641025550e+00 2.420000000000000000e+02 5.348557692307691624e+00 4.491883861602474770e-02 5.749198717948718063e+00
2.480000000000000000e+02 3.388441561392012695e-05 6.430434597990451751e-02 4.135123124489417656e-02 5.368589743589743613e+00 2.420000000000000000e+02 5.348557692307691624e+00 4.491883861602474770e-02 5.749198717948718063e+00
2.490000000000000000e+02 3.311311214825898142e-05 6.205123056394931669e-02 4.199227947407425943e-02 5.558894230769230838e+00 2.420000000000000000e+02 5.348557692307691624e+00 4.491883861602474770e-02 5.749198717948718063e+00
2.500000000000000000e+02 3.235936569296270058e-05 6.274953054694029642e-02 4.224821149061123299e-02 5.408653846153846700e+00 2.420000000000000000e+02 5.348557692307691624e+00 4.491883861602474770e-02 5.749198717948718063e+00
2.510000000000000000e+02 3.162277660168367333e-05 6.303304959184084788e-02 4.098506354225369547e-02 5.448717948717948900e+00 2.420000000000000000e+02 5.348557692307691624e+00 4.491883861602474770e-02 5.749198717948718063e+00
2.520000000000000000e+02 3.090295432513578511e-05 6.333437676613147549e-02 4.111752661470419179e-02 5.378605769230769162e+00 2.420000000000000000e+02 5.348557692307691624e+00 4.491883861602474770e-02 5.749198717948718063e+00
2.530000000000000000e+02 3.019951720402004293e-05 6.492910281014747931e-02 4.199506688671998667e-02 5.388621794871795601e+00 2.420000000000000000e+02 5.348557692307691624e+00 4.491883861602474770e-02 5.749198717948718063e+00
2.540000000000000000e+02 2.951209226666373883e-05 6.450199651030394388e-02 4.147351777945191414e-02 5.448717948717948900e+00 2.420000000000000000e+02 5.348557692307691624e+00 4.491883861602474770e-02 5.749198717948718063e+00
2.550000000000000000e+02 2.884031503126594444e-05 6.329695197443167831e-02 4.173002567572089289e-02 5.448717948717948900e+00 2.420000000000000000e+02 5.348557692307691624e+00 4.491883861602474770e-02 5.749198717948718063e+00
2.560000000000000000e+02 2.818382931264442676e-05 6.376429862127853954e-02 4.220364447563695887e-02 5.558894230769230838e+00 2.420000000000000000e+02 5.348557692307691624e+00 4.491883861602474770e-02 5.749198717948718063e+00
2.570000000000000000e+02 2.754228703338155489e-05 6.464713534865623723e-02 4.194552225705523024e-02 5.528846153846153300e+00 2.420000000000000000e+02 5.348557692307691624e+00 4.491883861602474770e-02 5.749198717948718063e+00
2.580000000000000000e+02 2.691534803926904807e-05 6.493987195575848248e-02 4.166692439227914074e-02 5.298477564102563875e+00 2.580000000000000000e+02 5.298477564102563875e+00 4.335255424032369992e-02 5.588942307692308376e+00
2.590000000000000000e+02 2.630267991895371247e-05 6.403027895169380312e-02 4.151163554678742595e-02 5.418669871794872250e+00 2.580000000000000000e+02 5.298477564102563875e+00 4.335255424032369992e-02 5.588942307692308376e+00
2.600000000000000000e+02 2.570395782768853307e-05 6.436683896642464431e-02 4.159477934575615821e-02 5.428685897435897800e+00 2.580000000000000000e+02 5.298477564102563875e+00 4.335255424032369992e-02 5.588942307692308376e+00
2.610000000000000000e+02 2.511886431509569991e-05 6.390297274367931490e-02 4.147460528959830833e-02 5.588942307692308376e+00 2.580000000000000000e+02 5.298477564102563875e+00 4.335255424032369992e-02 5.588942307692308376e+00
2.620000000000000000e+02 2.454708915685020428e-05 6.500237616590964773e-02 4.142648228802359861e-02 5.418669871794872250e+00 2.580000000000000000e+02 5.298477564102563875e+00 4.335255424032369992e-02 5.588942307692308376e+00
2.630000000000000000e+02 2.398832919019480884e-05 6.394177818527588264e-02 4.128218611750083394e-02 5.398637820512821150e+00 2.580000000000000000e+02 5.298477564102563875e+00 4.335255424032369992e-02 5.588942307692308376e+00
2.640000000000000000e+02 2.344228815319912698e-05 6.336236148117443956e-02 4.109350651598129428e-02 5.418669871794872250e+00 2.580000000000000000e+02 5.298477564102563875e+00 4.335255424032369992e-02 5.588942307692308376e+00
2.650000000000000000e+02 2.290867652767763718e-05 6.375449136472664813e-02 4.260434434773065909e-02 5.488782051282051100e+00 2.580000000000000000e+02 5.298477564102563875e+00 4.335255424032369992e-02 5.588942307692308376e+00
2.660000000000000000e+02 2.238721138568330470e-05 6.418235709842963488e-02 4.191914877782647320e-02 5.328525641025640525e+00 2.580000000000000000e+02 5.298477564102563875e+00 4.335255424032369992e-02 5.588942307692308376e+00
2.670000000000000000e+02 2.187761623949543435e-05 6.410935836342665506e-02 4.185655153093811864e-02 5.448717948717948900e+00 2.580000000000000000e+02 5.298477564102563875e+00 4.335255424032369992e-02 5.588942307692308376e+00
2.680000000000000000e+02 2.137962089502223157e-05 6.330409493201817617e-02 4.188701828034260138e-02 5.358573717948718063e+00 2.580000000000000000e+02 5.298477564102563875e+00 4.335255424032369992e-02 5.588942307692308376e+00
2.690000000000000000e+02 2.089296130854030744e-05 6.481575168287143085e-02 4.148372297342389076e-02 5.438701923076923350e+00 2.580000000000000000e+02 5.298477564102563875e+00 4.335255424032369992e-02 5.588942307692308376e+00
2.700000000000000000e+02 2.041737944669520625e-05 6.501833478418680978e-02 4.149443659788140670e-02 5.488782051282051100e+00 2.580000000000000000e+02 5.298477564102563875e+00 4.335255424032369992e-02 5.588942307692308376e+00
2.710000000000000000e+02 1.995262314968871168e-05 6.394373620740878561e-02 4.232289824778071030e-02 5.528846153846153300e+00 2.580000000000000000e+02 5.298477564102563875e+00 4.335255424032369992e-02 5.588942307692308376e+00
2.720000000000000000e+02 1.949844599758037114e-05 6.344611207262063068e-02 4.260279382698428652e-02 5.458733974358974450e+00 2.580000000000000000e+02 5.298477564102563875e+00 4.335255424032369992e-02 5.588942307692308376e+00
2.730000000000000000e+02 1.905460717963239264e-05 6.339659919150364420e-02 4.232319341733669499e-02 5.739182692307691624e+00 2.580000000000000000e+02 5.298477564102563875e+00 4.335255424032369992e-02 5.588942307692308376e+00
2.740000000000000000e+02 1.862087136662859626e-05 6.352700016055351506e-02 4.134569281282333281e-02 5.418669871794872250e+00 2.580000000000000000e+02 5.298477564102563875e+00 4.335255424032369992e-02 5.588942307692308376e+00
2.750000000000000000e+02 1.819700858609975933e-05 6.373991210682269926e-02 4.161160318658520263e-02 5.378605769230769162e+00 2.580000000000000000e+02 5.298477564102563875e+00 4.335255424032369992e-02 5.588942307692308376e+00
2.760000000000000000e+02 1.778279410038915447e-05 6.211252978596931706e-02 4.226470819841592758e-02 5.428685897435897800e+00 2.580000000000000000e+02 5.298477564102563875e+00 4.335255424032369992e-02 5.588942307692308376e+00
2.770000000000000000e+02 1.737800828749368255e-05 6.058678790353811544e-02 4.202348901293216643e-02 5.478766025641025550e+00 2.580000000000000000e+02 5.298477564102563875e+00 4.335255424032369992e-02 5.588942307692308376e+00
2.780000000000000000e+02 1.698243652461737453e-05 6.426138239793288687e-02 4.219931602860108738e-02 5.709134615384614975e+00 2.580000000000000000e+02 5.298477564102563875e+00 4.335255424032369992e-02 5.588942307692308376e+00
2.790000000000000000e+02 1.659586907437553719e-05 6.364916971860787309e-02 4.104612325915159288e-02 5.338541666666666075e+00 2.580000000000000000e+02 5.298477564102563875e+00 4.335255424032369992e-02 5.588942307692308376e+00
2.800000000000000000e+02 1.621810097358923066e-05 6.492953078869061201e-02 4.180239921865554903e-02 5.438701923076923350e+00 2.580000000000000000e+02 5.298477564102563875e+00 4.335255424032369992e-02 5.588942307692308376e+00
2.810000000000000000e+02 1.584893192461106669e-05 6.403143517673015594e-02 4.216202028477803593e-02 5.338541666666666075e+00 2.580000000000000000e+02 5.298477564102563875e+00 4.335255424032369992e-02 5.588942307692308376e+00
2.820000000000000000e+02 1.548816618912474621e-05 6.246008103092511726e-02 4.076598732708356515e-02 5.288461538461538325e+00 2.820000000000000000e+02 5.288461538461538325e+00 4.367304451238268603e-02 5.849358974358974450e+00
2.830000000000000000e+02 1.513561248436201548e-05 6.357572175180301044e-02 4.191332900275786949e-02 5.448717948717948900e+00 2.820000000000000000e+02 5.288461538461538325e+00 4.367304451238268603e-02 5.849358974358974450e+00
2.840000000000000000e+02 1.479108388168200892e-05 6.236497398752432336e-02 4.177750878704664106e-02 5.498798076923076650e+00 2.820000000000000000e+02 5.288461538461538325e+00 4.367304451238268603e-02 5.849358974358974450e+00
2.850000000000000000e+02 1.445439770745921075e-05 6.442691080081157373e-02 4.224270966668159516e-02 5.528846153846153300e+00 2.820000000000000000e+02 5.288461538461538325e+00 4.367304451238268603e-02 5.849358974358974450e+00
2.860000000000000000e+02 1.412537544622748041e-05 6.267940902557128657e-02 4.186209921653454014e-02 5.528846153846153300e+00 2.820000000000000000e+02 5.288461538461538325e+00 4.367304451238268603e-02 5.849358974358974450e+00
2.870000000000000000e+02 1.380384264602878619e-05 6.444799599166099735e-02 4.098054792923040701e-02 5.198317307692308376e+00 2.870000000000000000e+02 5.198317307692308376e+00 4.422562623856206993e-02 5.939503205128204399e+00
2.880000000000000000e+02 1.348962882591647551e-05 6.441839750951681987e-02 4.196773782873956110e-02 5.548878205128204399e+00 2.870000000000000000e+02 5.198317307692308376e+00 4.422562623856206993e-02 5.939503205128204399e+00
2.890000000000000000e+02 1.318256738556401167e-05 6.377569285149757572e-02 4.209868695873480310e-02 5.428685897435897800e+00 2.870000000000000000e+02 5.198317307692308376e+00 4.422562623856206993e-02 5.939503205128204399e+00
2.900000000000000000e+02 1.288249551693128069e-05 6.329362323650947197e-02 4.193144014630562078e-02 5.598958333333333925e+00 2.870000000000000000e+02 5.198317307692308376e+00 4.422562623856206993e-02 5.939503205128204399e+00
2.910000000000000000e+02 1.258925411794161371e-05 6.286380459100772422e-02 4.199808411515103257e-02 5.508814102564102200e+00 2.870000000000000000e+02 5.198317307692308376e+00 4.422562623856206993e-02 5.939503205128204399e+00
2.920000000000000000e+02 1.230268770812375813e-05 6.316769543366554385e-02 4.119959013918653851e-02 5.458733974358974450e+00 2.870000000000000000e+02 5.198317307692308376e+00 4.422562623856206993e-02 5.939503205128204399e+00
2.930000000000000000e+02 1.202264434617407250e-05 6.236398482742982335e-02 4.083356572888218600e-02 5.418669871794872250e+00 2.870000000000000000e+02 5.198317307692308376e+00 4.422562623856206993e-02 5.939503205128204399e+00
2.940000000000000000e+02 1.174897554939523977e-05 6.455632996482726926e-02 4.163683823142678292e-02 5.538862179487178850e+00 2.870000000000000000e+02 5.198317307692308376e+00 4.422562623856206993e-02 5.939503205128204399e+00
2.950000000000000000e+02 1.148153621496877315e-05 6.428567138619911692e-02 4.028204408211585874e-02 5.318509615384614975e+00 2.870000000000000000e+02 5.198317307692308376e+00 4.422562623856206993e-02 5.939503205128204399e+00
2.960000000000000000e+02 1.122018454301958096e-05 6.275211709241072799e-02 4.268796229735016823e-02 5.478766025641025550e+00 2.870000000000000000e+02 5.198317307692308376e+00 4.422562623856206993e-02 5.939503205128204399e+00
2.970000000000000000e+02 1.096478196143179763e-05 6.360544536549311845e-02 4.053076473661722245e-02 5.188301282051281937e+00 2.970000000000000000e+02 5.188301282051281937e+00 4.380620744389792515e-02 5.769230769230769162e+00
2.980000000000000000e+02 1.071519305237601245e-05 6.164928855231174842e-02 4.234028941927812234e-02 5.348557692307691624e+00 2.970000000000000000e+02 5.188301282051281937e+00 4.380620744389792515e-02 5.769230769230769162e+00
2.990000000000000000e+02 1.047128548050894469e-05 6.258208304643630981e-02 4.070775153545232866e-02 5.278445512820512775e+00 2.970000000000000000e+02 5.188301282051281937e+00 4.380620744389792515e-02 5.769230769230769162e+00
3.000000000000000000e+02 1.023292992280749240e-05 6.120374072820712608e-02 4.101427547776928528e-02 5.298477564102563875e+00 2.970000000000000000e+02 5.188301282051281937e+00 4.380620744389792515e-02 5.769230769230769162e+00
