# Epoch, LR, Training Loss, Validation Loss, Validation Error, Best Epoch, Best Validation Error, Test Loss, Test Error
1.000000000000000000e+00 5.000000000000000104e-03 5.376325095488020400e-01 3.549151229552733322e-01 5.793269230769231370e+01 1.000000000000000000e+00 5.793269230769231370e+01 3.550010824050658931e-01 5.785256410256410931e+01
2.000000000000000000e+00 4.774962930107180294e-03 3.597882539280189973e-01 3.488373637963563811e-01 4.271834935897436480e+01 2.000000000000000000e+00 4.271834935897436480e+01 3.491393774747848511e-01 4.371995192307691980e+01
3.000000000000000000e+00 4.560054196779549270e-03 3.597631350036494813e-01 3.513600008609967240e-01 5.110176282051281760e+01 2.000000000000000000e+00 4.271834935897436480e+01 3.491393774747848511e-01 4.371995192307691980e+01
4.000000000000000000e+00 4.354817949780404041e-03 3.598374397301477012e-01 3.525536782466448527e-01 5.837339743589743080e+01 2.000000000000000000e+00 4.271834935897436480e+01 3.491393774747848511e-01 4.371995192307691980e+01
5.000000000000000000e+00 4.158818855513356227e-03 3.599222462039348702e-01 3.545215175702021715e-01 6.671674679487179560e+01 2.000000000000000000e+00 4.271834935897436480e+01 3.491393774747848511e-01 4.371995192307691980e+01
6.000000000000000000e+00 3.971641173621408630e-03 3.599678746432312115e-01 3.511016357403535237e-01 5.408653846153845990e+01 2.000000000000000000e+00 4.271834935897436480e+01 3.491393774747848511e-01 4.371995192307691980e+01
7.000000000000000000e+00 3.792887875145920136e-03 3.600505408669306129e-01 3.510372780072383292e-01 5.280448717948718240e+01 2.000000000000000000e+00 4.271834935897436480e+01 3.491393774747848511e-01 4.371995192307691980e+01
8.000000000000000000e+00 3.622179800374951755e-03 3.600344701739381925e-01 3.581523960217451452e-01 7.720352564102563520e+01 2.000000000000000000e+00 4.271834935897436480e+01 3.491393774747848511e-01 4.371995192307691980e+01
9.000000000000000000e+00 3.459154854594683956e-03 3.600781039265561478e-01 3.553861436935571438e-01 6.852964743589743080e+01 2.000000000000000000e+00 4.271834935897436480e+01 3.491393774747848511e-01 4.371995192307691980e+01
1.000000000000000000e+01 3.303467240037981714e-03 3.600839808952709942e-01 3.524091247564706819e-01 5.878405448717948190e+01 2.000000000000000000e+00 4.271834935897436480e+01 3.491393774747848511e-01 4.371995192307691980e+01
1.100000000000000000e+01 3.154786722400968173e-03 3.600864092673152217e-01 3.589332027313036910e-01 7.728365384615383959e+01 2.000000000000000000e+00 4.271834935897436480e+01 3.491393774747848511e-01 4.371995192307691980e+01
1.200000000000000000e+01 3.012797930371790677e-03 3.600864500053658213e-01 3.596497101661486617e-01 8.711939102564102200e+01 2.000000000000000000e+00 4.271834935897436480e+01 3.491393774747848511e-01 4.371995192307691980e+01
1.300000000000000000e+01 2.877199686685786781e-03 3.601117028185158997e-01 3.556542591406748888e-01 7.330729166666665719e+01 2.000000000000000000e+00 4.271834935897436480e+01 3.491393774747848511e-01 4.371995192307691980e+01
1.400000000000000000e+01 2.747704369288124938e-03 3.600551307201385609e-01 3.549490506068254114e-01 6.331129807692307310e+01 2.000000000000000000e+00 4.271834935897436480e+01 3.491393774747848511e-01 4.371995192307691980e+01
1.500000000000000000e+01 2.624037301248865334e-03 3.600732784133311992e-01 3.551821559667587280e-01 6.659655448717948900e+01 2.000000000000000000e+00 4.271834935897436480e+01 3.491393774747848511e-01 4.371995192307691980e+01
1.600000000000000000e+01 2.505936168136363613e-03 3.600892531970315558e-01 3.586036421549625985e-01 7.532051282051281760e+01 2.000000000000000000e+00 4.271834935897436480e+01 3.491393774747848511e-01 4.371995192307691980e+01
1.700000000000000000e+01 2.393150461613193988e-03 3.600722972026541013e-01 3.575896865282303105e-01 7.934695512820513841e+01 2.000000000000000000e+00 4.271834935897436480e+01 3.491393774747848511e-01 4.371995192307691980e+01
1.800000000000000000e+01 2.285440948074377379e-03 3.600776603891829852e-01 3.573250056077272307e-01 6.930088141025640880e+01 2.000000000000000000e+00 4.271834935897436480e+01 3.491393774747848511e-01 4.371995192307691980e+01
1.900000000000000000e+01 2.182579161200832226e-03 3.600713342181907084e-01 3.547500268771098253e-01 6.388221153846154010e+01 2.000000000000000000e+00 4.271834935897436480e+01 3.491393774747848511e-01 4.371995192307691980e+01
2.000000000000000000e+01 2.084346917351679370e-03 3.600524931407171891e-01 3.558371055584687581e-01 6.428285256410256920e+01 2.000000000000000000e+00 4.271834935897436480e+01 3.491393774747848511e-01 4.371995192307691980e+01
2.100000000000000000e+01 1.990535852767488442e-03 3.600146538462520862e-01 3.558741227174416766e-01 6.920072115384616041e+01 2.000000000000000000e+00 4.271834935897436480e+01 3.491393774747848511e-01 4.371995192307691980e+01
2.200000000000000000e+01 1.900946981602808080e-03 3.600275700249948030e-01 3.589658015049420614e-01 7.390825320512820440e+01 2.000000000000000000e+00 4.271834935897436480e+01 3.491393774747848511e-01 4.371995192307691980e+01
2.300000000000000000e+01 1.815390273850508735e-03 3.600406147231740572e-01 3.567494513132633549e-01 7.044270833333334281e+01 2.000000000000000000e+00 4.271834935897436480e+01 3.491393774747848511e-01 4.371995192307691980e+01
2.400000000000000000e+01 1.733684252262660290e-03 3.600049585842889366e-01 3.577849005277340400e-01 8.239182692307693401e+01 2.000000000000000000e+00 4.271834935897436480e+01 3.491393774747848511e-01 4.371995192307691980e+01
2.500000000000000000e+01 1.655655607412957623e-03 3.599978573558744177e-01 3.557292643265846377e-01 6.380208333333333570e+01 2.000000000000000000e+00 4.271834935897436480e+01 3.491393774747848511e-01 4.371995192307691980e+01
2.600000000000000000e+01 1.581138830084191866e-03 3.599856625411135824e-01 3.580987300628271086e-01 7.886618589743589780e+01 2.000000000000000000e+00 4.271834935897436480e+01 3.491393774747848511e-01 4.371995192307691980e+01
2.700000000000000000e+01 1.509975860201010238e-03 3.599888748866467703e-01 3.559077462324729546e-01 6.629607371794872961e+01 2.000000000000000000e+00 4.271834935897436480e+01 3.491393774747848511e-01 4.371995192307691980e+01
2.800000000000000000e+01 1.442015751563305130e-03 3.599841501101974650e-01 3.574358713932526688e-01 6.783854166666665719e+01 2.000000000000000000e+00 4.271834935897436480e+01 3.491393774747848511e-01 4.371995192307691980e+01
2.900000000000000000e+01 1.377114351669085374e-03 3.599665778234970581e-01 3.549921925251300348e-01 5.779246794871794890e+01 2.000000000000000000e+00 4.271834935897436480e+01 3.491393774747848511e-01 4.371995192307691980e+01
3.000000000000000000e+01 1.315133995947693037e-03 3.599588696621666140e-01 3.555275962138787493e-01 6.206931089743589069e+01 2.000000000000000000e+00 4.271834935897436480e+01 3.491393774747848511e-01 4.371995192307691980e+01
3.100000000000000000e+01 1.255943215754792104e-03 3.599461558436559128e-01 3.530934632588655364e-01 5.642027243589743080e+01 2.000000000000000000e+00 4.271834935897436480e+01 3.491393774747848511e-01 4.371995192307691980e+01
3.200000000000000000e+01 1.199416459509747334e-03 3.599321491462140199e-01 3.549992415385368472e-01 4.878806089743589780e+01 2.000000000000000000e+00 4.271834935897436480e+01 3.491393774747848511e-01 4.371995192307691980e+01
3.300000000000000000e+01 1.145433826383888574e-03 3.599199472872678940e-01 3.523002305091955666e-01 3.876201923076922640e+01 3.300000000000000000e+01 3.876201923076922640e+01 3.525137966259931921e-01 3.991386217948718240e+01
3.400000000000000000e+01 1.093880811974778195e-03 3.599034650759263543e-01 3.523252755403518677e-01 5.388621794871794890e+01 3.300000000000000000e+01 3.876201923076922640e+01 3.525137966259931921e-01 3.991386217948718240e+01
3.500000000000000000e+01 1.044648065427021674e-03 3.599016428978975002e-01 3.517563430926738399e-01 3.682892628205128460e+01 3.500000000000000000e+01 3.682892628205128460e+01 3.520946028905037051e-01 3.892227564102563520e+01
3.600000000000000000e+01 9.976311574844416285e-04 3.598787845166261379e-01 3.506902288167904613e-01 3.789062500000000000e+01 3.500000000000000000e+01 3.682892628205128460e+01 3.520946028905037051e-01 3.892227564102563520e+01
3.700000000000000000e+01 9.527303589816253984e-04 3.598788525939972671e-01 3.527007339856563228e-01 5.090144230769231370e+01 3.500000000000000000e+01 3.682892628205128460e+01 3.520946028905037051e-01 3.892227564102563520e+01
3.800000000000000000e+01 9.098504293049934893e-04 3.598607425354728995e-01 3.530917981496223823e-01 4.411057692307691980e+01 3.500000000000000000e+01 3.682892628205128460e+01 3.520946028905037051e-01 3.892227564102563520e+01
3.900000000000000000e+01 8.689004143746894334e-04 3.598443650509700054e-01 3.530694395303726196e-01 3.931290064102563520e+01 3.500000000000000000e+01 3.682892628205128460e+01 3.520946028905037051e-01 3.892227564102563520e+01
4.000000000000000000e+01 8.297934537187819483e-04 3.598394565838427539e-01 3.497879344683427205e-01 3.833133012820512420e+01 3.500000000000000000e+01 3.682892628205128460e+01 3.520946028905037051e-01 3.892227564102563520e+01
4.100000000000000000e+01 7.924465962305583420e-04 3.598218792233585095e-01 3.522855777006883016e-01 4.267828525641025550e+01 3.500000000000000000e+01 3.682892628205128460e+01 3.520946028905037051e-01 3.892227564102563520e+01
4.200000000000000000e+01 7.567806242181056731e-04 3.598146901150380272e-01 3.523213928326582312e-01 2.918669871794871540e+01 4.200000000000000000e+01 2.918669871794871540e+01 3.526959591186963339e-01 3.277243589743589780e+01
4.300000000000000000e+01 7.227198853729652943e-04 3.597796941099087875e-01 3.505566807893606418e-01 3.470552884615384670e+01 4.200000000000000000e+01 2.918669871794871540e+01 3.526959591186963339e-01 3.277243589743589780e+01
4.400000000000000000e+01 6.901921323014439513e-04 3.597595673454694332e-01 3.503364886228854669e-01 3.659855769230769340e+01 4.200000000000000000e+01 2.918669871794871540e+01 3.526959591186963339e-01 3.277243589743589780e+01
4.500000000000000000e+01 6.591283692782050558e-04 3.597613112000394575e-01 3.502751306081429705e-01 4.588341346153846700e+01 4.200000000000000000e+01 2.918669871794871540e+01 3.526959591186963339e-01 3.277243589743589780e+01
4.600000000000000000e+01 6.294627058970850460e-04 3.597319404940959586e-01 3.492068671263180990e-01 3.256209935897436480e+01 4.200000000000000000e+01 2.918669871794871540e+01 3.526959591186963339e-01 3.277243589743589780e+01
4.700000000000000000e+01 6.011322173087079107e-04 3.597021169898923509e-01 3.503953000673881157e-01 4.152644230769230660e+01 4.200000000000000000e+01 2.918669871794871540e+01 3.526959591186963339e-01 3.277243589743589780e+01
4.800000000000000000e+01 5.740768107484427434e-04 3.596701765355985181e-01 3.503918651586923616e-01 4.130608974358974450e+01 4.200000000000000000e+01 2.918669871794871540e+01 3.526959591186963339e-01 3.277243589743589780e+01
4.900000000000000000e+01 5.482390980715938760e-04 3.596447349087266154e-01 3.484313465081728678e-01 3.551682692307691980e+01 4.200000000000000000e+01 2.918669871794871540e+01 3.526959591186963339e-01 3.277243589743589780e+01
5.000000000000000000e+01 5.235642740254511105e-04 3.596133584325963972e-01 3.501041913643861414e-01 4.503205128205128460e+01 4.200000000000000000e+01 2.918669871794871540e+01 3.526959591186963339e-01 3.277243589743589780e+01
5.100000000000000000e+01 5.000000000000013115e-04 3.595779892826868607e-01 3.505773834693126090e-01 4.541266025641025550e+01 4.200000000000000000e+01 2.918669871794871540e+01 3.526959591186963339e-01 3.277243589743589780e+01
5.200000000000000000e+01 4.774962930107192545e-04 3.595222858358020357e-01 3.482925895697031038e-01 4.106570512820512420e+01 4.200000000000000000e+01 2.918669871794871540e+01 3.526959591186963339e-01 3.277243589743589780e+01
5.300000000000000000e+01 4.560054196779561196e-04 3.594897474631790213e-01 3.492891792303476350e-01 4.520232371794871540e+01 4.200000000000000000e+01 2.918669871794871540e+01 3.526959591186963339e-01 3.277243589743589780e+01
5.400000000000000000e+01 4.354817949780415533e-04 3.594312309726210852e-01 3.475435635982415672e-01 3.583733974358974450e+01 4.200000000000000000e+01 2.918669871794871540e+01 3.526959591186963339e-01 3.277243589743589780e+01
5.500000000000000000e+01 4.158818855513366853e-04 3.593514496629888200e-01 3.492513241676183933e-01 4.743589743589743080e+01 4.200000000000000000e+01 2.918669871794871540e+01 3.526959591186963339e-01 3.277243589743589780e+01
5.600000000000000000e+01 3.971641173621419038e-04 3.592835199241795618e-01 3.478283461851951475e-01 4.123597756410256920e+01 4.200000000000000000e+01 2.918669871794871540e+01 3.526959591186963339e-01 3.277243589743589780e+01
5.700000000000000000e+01 3.792887875145930111e-04 3.592178209261460697e-01 3.468763033548991070e-01 4.056490384615384670e+01 4.200000000000000000e+01 2.918669871794871540e+01 3.526959591186963339e-01 3.277243589743589780e+01
5.800000000000000000e+01 3.622179800374961079e-04 3.590912048974312931e-01 3.462208497982758870e-01 4.828725961538461320e+01 4.200000000000000000e+01 2.918669871794871540e+01 3.526959591186963339e-01 3.277243589743589780e+01
5.900000000000000000e+01 3.459154854594693063e-04 3.589661167672842934e-01 3.490714919872773270e-01 6.911057692307693401e+01 4.200000000000000000e+01 2.918669871794871540e+01 3.526959591186963339e-01 3.277243589743589780e+01
6.000000000000000000e+01 3.303467240037990496e-04 3.588314020929257997e-01 3.460936248302459717e-01 4.982972756410256920e+01 4.200000000000000000e+01 2.918669871794871540e+01 3.526959591186963339e-01 3.277243589743589780e+01
6.100000000000000000e+01 3.154786722400976305e-04 3.586181354424184953e-01 3.464010342573508039e-01 5.904447115384615330e+01 4.200000000000000000e+01 2.918669871794871540e+01 3.526959591186963339e-01 3.277243589743589780e+01
6.200000000000000000e+01 3.012797930371798700e-04 3.584243884756545540e-01 3.481673120688169587e-01 6.974158653846154721e+01 4.200000000000000000e+01 2.918669871794871540e+01 3.526959591186963339e-01 3.277243589743589780e+01
6.300000000000000000e+01 2.877199686685794045e-04 3.581164463985064828e-01 3.458721993061212308e-01 7.007211538461538680e+01 4.200000000000000000e+01 2.918669871794871540e+01 3.526959591186963339e-01 3.277243589743589780e+01
6.400000000000000000e+01 2.747704369288131985e-04 3.578226439223801680e-01 3.481642783452302825e-01 6.623597756410256920e+01 4.200000000000000000e+01 2.918669871794871540e+01 3.526959591186963339e-01 3.277243589743589780e+01
6.500000000000000000e+01 2.624037301248871730e-04 3.574334878566836626e-01 3.442569974905405061e-01 6.736778846153845279e+01 4.200000000000000000e+01 2.918669871794871540e+01 3.526959591186963339e-01 3.277243589743589780e+01
6.600000000000000000e+01 2.505936168136369685e-04 3.570729348777739731e-01 3.465894915354557626e-01 7.134415064102563520e+01 4.200000000000000000e+01 2.918669871794871540e+01 3.526959591186963339e-01 3.277243589743589780e+01
6.700000000000000000e+01 2.393150461613199735e-04 3.565338114569009953e-01 3.476235174979919185e-01 6.717748397435897800e+01 4.200000000000000000e+01 2.918669871794871540e+01 3.526959591186963339e-01 3.277243589743589780e+01
6.800000000000000000e+01 2.285440948074382800e-04 3.559242166763494919e-01 3.493742014353091729e-01 7.943709935897436480e+01 4.200000000000000000e+01 2.918669871794871540e+01 3.526959591186963339e-01 3.277243589743589780e+01
6.900000000000000000e+01 2.182579161200837322e-04 3.553284782516069606e-01 3.543668687343597412e-01 7.955729166666665719e+01 4.200000000000000000e+01 2.918669871794871540e+01 3.526959591186963339e-01 3.277243589743589780e+01
7.000000000000000000e+01 2.084346917351684303e-04 3.547195370039664120e-01 3.500998604756135335e-01 7.909655448717948900e+01 4.200000000000000000e+01 2.918669871794871540e+01 3.526959591186963339e-01 3.277243589743589780e+01
7.100000000000000000e+01 1.990535852767493267e-04 3.539722957394340064e-01 3.525701214869816913e-01 8.143028846153845279e+01 4.200000000000000000e+01 2.918669871794871540e+01 3.526959591186963339e-01 3.277243589743589780e+01
7.200000000000000000e+01 1.900946981602812688e-04 3.533452246307341449e-01 3.574328311742880349e-01 8.076923076923077360e+01 4.200000000000000000e+01 2.918669871794871540e+01 3.526959591186963339e-01 3.277243589743589780e+01
7.300000000000000000e+01 1.815390273850513235e-04 3.526039428947385646e-01 3.474981005375201715e-01 7.598157051282051100e+01 4.200000000000000000e+01 2.918669871794871540e+01 3.526959591186963339e-01 3.277243589743589780e+01
7.400000000000000000e+01 1.733684252262664410e-04 3.519528553505574253e-01 3.480250254655495867e-01 7.936698717948718240e+01 4.200000000000000000e+01 2.918669871794871540e+01 3.526959591186963339e-01 3.277243589743589780e+01
7.500000000000000000e+01 1.655655607412961472e-04 3.513111487400433219e-01 3.501315086315839875e-01 7.931690705128204399e+01 4.200000000000000000e+01 2.918669871794871540e+01 3.526959591186963339e-01 3.277243589743589780e+01
7.600000000000000000e+01 1.581138830084195389e-04 3.505477944188866712e-01 3.542845398187637329e-01 8.152043269230769340e+01 4.200000000000000000e+01 2.918669871794871540e+01 3.526959591186963339e-01 3.277243589743589780e+01
7.700000000000000000e+01 1.509975860201013599e-04 3.499060320952707137e-01 3.627639840810726879e-01 8.700921474358975161e+01 4.200000000000000000e+01 2.918669871794871540e+01 3.526959591186963339e-01 3.277243589743589780e+01
7.800000000000000000e+01 1.442015751563308166e-04 3.492116956178806797e-01 3.479361274303534035e-01 7.810496794871795601e+01 4.200000000000000000e+01 2.918669871794871540e+01 3.526959591186963339e-01 3.277243589743589780e+01
7.900000000000000000e+01 1.377114351669088247e-04 3.489737313641004257e-01 3.586421570716760154e-01 8.332331730769230660e+01 4.200000000000000000e+01 2.918669871794871540e+01 3.526959591186963339e-01 3.277243589743589780e+01
8.000000000000000000e+01 1.315133995947695856e-04 3.479780499600181876e-01 3.556267802531902777e-01 8.259214743589743080e+01 4.200000000000000000e+01 2.918669871794871540e+01 3.526959591186963339e-01 3.277243589743589780e+01
8.100000000000000000e+01 1.255943215754794923e-04 3.471219933230029753e-01 3.512266343220686315e-01 7.920673076923077360e+01 4.200000000000000000e+01 2.918669871794871540e+01 3.526959591186963339e-01 3.277243589743589780e+01
8.200000000000000000e+01 1.199416459509749963e-04 3.469206781919337290e-01 3.592989051189178218e-01 8.294270833333334281e+01 4.200000000000000000e+01 2.918669871794871540e+01 3.526959591186963339e-01 3.277243589743589780e+01
8.300000000000000000e+01 1.145433826383891041e-04 3.461036394942890726e-01 3.562353547566976530e-01 8.084935897435897800e+01 4.200000000000000000e+01 2.918669871794871540e+01 3.526959591186963339e-01 3.277243589743589780e+01
8.400000000000000000e+01 1.093880811974780662e-04 3.455173706712801329e-01 3.601633707682291852e-01 8.157051282051281760e+01 4.200000000000000000e+01 2.918669871794871540e+01 3.526959591186963339e-01 3.277243589743589780e+01
8.500000000000000000e+01 1.044648065427023978e-04 3.449682430294919722e-01 3.621847274211736911e-01 8.216145833333334281e+01 4.200000000000000000e+01 2.918669871794871540e+01 3.526959591186963339e-01 3.277243589743589780e+01
8.600000000000000000e+01 9.976311574844438511e-05 3.436151981353759988e-01 3.664770000256024618e-01 8.498597756410256920e+01 4.200000000000000000e+01 2.918669871794871540e+01 3.526959591186963339e-01 3.277243589743589780e+01
8.700000000000000000e+01 9.527303589816274584e-05 3.436715873312359282e-01 3.556524423452523953e-01 8.174078525641024839e+01 4.200000000000000000e+01 2.918669871794871540e+01 3.526959591186963339e-01 3.277243589743589780e+01
8.800000000000000000e+01 9.098504293049955222e-05 3.433115951285874434e-01 3.528478474189073455e-01 7.894631410256410220e+01 4.200000000000000000e+01 2.918669871794871540e+01 3.526959591186963339e-01 3.277243589743589780e+01
8.900000000000000000e+01 8.689004143746914121e-05 3.424493556672876804e-01 3.569635469944049122e-01 8.258213141025640880e+01 4.200000000000000000e+01 2.918669871794871540e+01 3.526959591186963339e-01 3.277243589743589780e+01
9.000000000000000000e+01 8.297934537187838728e-05 3.413543155863265621e-01 3.693662197926105839e-01 8.475560897435897800e+01 4.200000000000000000e+01 2.918669871794871540e+01 3.526959591186963339e-01 3.277243589743589780e+01
9.100000000000000000e+01 7.924465962305602123e-05 3.410142725656840623e-01 3.605437301672421713e-01 8.009815705128204399e+01 4.200000000000000000e+01 2.918669871794871540e+01 3.526959591186963339e-01 3.277243589743589780e+01
9.200000000000000000e+01 7.567806242181073808e-05 3.407598998428376103e-01 3.658807999812639933e-01 8.607772435897436480e+01 4.200000000000000000e+01 2.918669871794871540e+01 3.526959591186963339e-01 3.277243589743589780e+01
9.300000000000000000e+01 7.227198853729669748e-05 3.400303767239751807e-01 3.743369361528983696e-01 8.572716346153845279e+01 4.200000000000000000e+01 2.918669871794871540e+01 3.526959591186963339e-01 3.277243589743589780e+01
9.400000000000000000e+01 6.901921323014455776e-05 3.398867089393710073e-01 3.815709085036546599e-01 8.682892628205127039e+01 4.200000000000000000e+01 2.918669871794871540e+01 3.526959591186963339e-01 3.277243589743589780e+01
9.500000000000000000e+01 6.591283692782065465e-05 3.390320209924839734e-01 3.778667220702537910e-01 8.670873397435897800e+01 4.200000000000000000e+01 2.918669871794871540e+01 3.526959591186963339e-01 3.277243589743589780e+01
9.600000000000000000e+01 6.294627058970865639e-05 3.391333856858497753e-01 3.576964109371870149e-01 8.112980769230769340e+01 4.200000000000000000e+01 2.918669871794871540e+01 3.526959591186963339e-01 3.277243589743589780e+01
9.700000000000000000e+01 6.011322173087093338e-05 3.385683199590888148e-01 3.673882308678749209e-01 8.449519230769230660e+01 4.200000000000000000e+01 2.918669871794871540e+01 3.526959591186963339e-01 3.277243589743589780e+01
9.800000000000000000e+01 5.740768107484441800e-05 3.382952723621336921e-01 3.827231163397813440e-01 8.447516025641024839e+01 4.200000000000000000e+01 2.918669871794871540e+01 3.526959591186963339e-01 3.277243589743589780e+01
9.900000000000000000e+01 5.482390980715952177e-05 3.371887205553448785e-01 3.658091078201929913e-01 8.275240384615383959e+01 4.200000000000000000e+01 2.918669871794871540e+01 3.526959591186963339e-01 3.277243589743589780e+01
1.000000000000000000e+02 5.235642740254523844e-05 3.373590447685935190e-01 3.839573390208758097e-01 8.732972756410256920e+01 4.200000000000000000e+01 2.918669871794871540e+01 3.526959591186963339e-01 3.277243589743589780e+01
1.010000000000000000e+02 5.000000000000025312e-05 3.365413364792658180e-01 3.732840988116386538e-01 8.521634615384616041e+01 4.200000000000000000e+01 2.918669871794871540e+01 3.526959591186963339e-01 3.277243589743589780e+01
1.020000000000000000e+02 4.774962930107204065e-05 3.359377263498700139e-01 3.707613070041705372e-01 8.584735576923077360e+01 4.200000000000000000e+01 2.918669871794871540e+01 3.526959591186963339e-01 3.277243589743589780e+01
1.030000000000000000e+02 4.560054196779571902e-05 3.354957584014608973e-01 3.733229171007107494e-01 8.458533653846154721e+01 4.200000000000000000e+01 2.918669871794871540e+01 3.526959591186963339e-01 3.277243589743589780e+01
1.040000000000000000e+02 4.354817949780425833e-05 3.351282307431717733e-01 3.774885416795045745e-01 8.660857371794872961e+01 4.200000000000000000e+01 2.918669871794871540e+01 3.526959591186963339e-01 3.277243589743589780e+01
1.050000000000000000e+02 4.158818855513376881e-05 3.350601179540649843e-01 3.790183403553106789e-01 8.487580128205127039e+01 4.200000000000000000e+01 2.918669871794871540e+01 3.526959591186963339e-01 3.277243589743589780e+01
1.060000000000000000e+02 3.971641173621428660e-05 3.351504967724981410e-01 3.786482325731179710e-01 8.520633012820513841e+01 4.200000000000000000e+01 2.918669871794871540e+01 3.526959591186963339e-01 3.277243589743589780e+01
1.070000000000000000e+02 3.792887875145938920e-05 3.347556686105807033e-01 3.685964097579320087e-01 8.376402243589743080e+01 4.200000000000000000e+01 2.918669871794871540e+01 3.526959591186963339e-01 3.277243589743589780e+01
1.080000000000000000e+02 3.622179800374969346e-05 3.338786479855371803e-01 3.683306059012046441e-01 8.255208333333334281e+01 4.200000000000000000e+01 2.918669871794871540e+01 3.526959591186963339e-01 3.277243589743589780e+01
1.090000000000000000e+02 3.459154854594700924e-05 3.333205889079196571e-01 3.701829119370533827e-01 8.349358974358975161e+01 4.200000000000000000e+01 2.918669871794871540e+01 3.526959591186963339e-01 3.277243589743589780e+01
1.100000000000000000e+02 3.303467240037997950e-05 3.332875624175899443e-01 3.679951181014378681e-01 8.438501602564102200e+01 4.200000000000000000e+01 2.918669871794871540e+01 3.526959591186963339e-01 3.277243589743589780e+01
1.110000000000000000e+02 3.154786722400983623e-05 3.332601210795158031e-01 3.719971229632695331e-01 8.114983974358975161e+01 4.200000000000000000e+01 2.918669871794871540e+01 3.526959591186963339e-01 3.277243589743589780e+01
1.120000000000000000e+02 3.012797930371805544e-05 3.327669475689407075e-01 3.652986811521725663e-01 8.417467948717948900e+01 4.200000000000000000e+01 2.918669871794871540e+01 3.526959591186963339e-01 3.277243589743589780e+01
1.130000000000000000e+02 2.877199686685800821e-05 3.326280759385794594e-01 3.686903508809896701e-01 8.321314102564102200e+01 4.200000000000000000e+01 2.918669871794871540e+01 3.526959591186963339e-01 3.277243589743589780e+01
1.140000000000000000e+02 2.747704369288138287e-05 3.315210321718011222e-01 3.824800077157142764e-01 8.275240384615383959e+01 4.200000000000000000e+01 2.918669871794871540e+01 3.526959591186963339e-01 3.277243589743589780e+01
1.150000000000000000e+02 2.624037301248877897e-05 3.315026587198588448e-01 3.669326637799923407e-01 8.247195512820513841e+01 4.200000000000000000e+01 2.918669871794871540e+01 3.526959591186963339e-01 3.277243589743589780e+01
1.160000000000000000e+02 2.505936168136375784e-05 3.309289550485689513e-01 3.980434120465547454e-01 8.542668269230769340e+01 4.200000000000000000e+01 2.918669871794871540e+01 3.526959591186963339e-01 3.277243589743589780e+01
1.170000000000000000e+02 2.393150461613205427e-05 3.307121086219125816e-01 3.714836556942034962e-01 8.391426282051281760e+01 4.200000000000000000e+01 2.918669871794871540e+01 3.526959591186963339e-01 3.277243589743589780e+01
1.180000000000000000e+02 2.285440948074388357e-05 3.309985481510477889e-01 3.789804650422854415e-01 8.392427884615383959e+01 4.200000000000000000e+01 2.918669871794871540e+01 3.526959591186963339e-01 3.277243589743589780e+01
1.190000000000000000e+02 2.182579161200842540e-05 3.313656014844405528e-01 3.810002314738737961e-01 8.370392628205127039e+01 4.200000000000000000e+01 2.918669871794871540e+01 3.526959591186963339e-01 3.277243589743589780e+01
1.200000000000000000e+02 2.084346917351689114e-05 3.297896725087126613e-01 3.751106705421056731e-01 8.394431089743589780e+01 4.200000000000000000e+01 2.918669871794871540e+01 3.526959591186963339e-01 3.277243589743589780e+01
1.210000000000000000e+02 1.990535852767497943e-05 3.297495562182970463e-01 3.731352977263621695e-01 8.143028846153845279e+01 4.200000000000000000e+01 2.918669871794871540e+01 3.526959591186963339e-01 3.277243589743589780e+01
1.220000000000000000e+02 1.900946981602817364e-05 3.306849990009276263e-01 3.857599462454135431e-01 8.720953525641024839e+01 4.200000000000000000e+01 2.918669871794871540e+01 3.526959591186963339e-01 3.277243589743589780e+01
1.230000000000000000e+02 1.815390273850517504e-05 3.301780931220567039e-01 3.793462576010288578e-01 8.333333333333334281e+01 4.200000000000000000e+01 2.918669871794871540e+01 3.526959591186963339e-01 3.277243589743589780e+01
1.240000000000000000e+02 1.733684252262668543e-05 3.294314544555569380e-01 4.065207040462738286e-01 8.703926282051281760e+01 4.200000000000000000e+01 2.918669871794871540e+01 3.526959591186963339e-01 3.277243589743589780e+01
1.250000000000000000e+02 1.655655607412965334e-05 3.296160388091379234e-01 3.739362622682864679e-01 8.378405448717948900e+01 4.200000000000000000e+01 2.918669871794871540e+01 3.526959591186963339e-01 3.277243589743589780e+01
1.260000000000000000e+02 1.581138830084199252e-05 3.285926370088719239e-01 3.984273645358207827e-01 8.906250000000000000e+01 4.200000000000000000e+01 2.918669871794871540e+01 3.526959591186963339e-01 3.277243589743589780e+01
1.270000000000000000e+02 1.509975860201017393e-05 3.283773867059345264e-01 3.785995504794976707e-01 8.457532051282051100e+01 4.200000000000000000e+01 2.918669871794871540e+01 3.526959591186963339e-01 3.277243589743589780e+01
1.280000000000000000e+02 1.442015751563311961e-05 3.288844827778082958e-01 3.784117950842930678e-01 8.374399038461538680e+01 4.200000000000000000e+01 2.918669871794871540e+01 3.526959591186963339e-01 3.277243589743589780e+01
1.290000000000000000e+02 1.377114351669091805e-05 3.287845326849251903e-01 3.851390824868128893e-01 8.590745192307693401e+01 4.200000000000000000e+01 2.918669871794871540e+01 3.526959591186963339e-01 3.277243589743589780e+01
1.300000000000000000e+02 1.315133995947699176e-05 3.280141281687523613e-01 3.749264230330784931e-01 8.253205128205127039e+01 4.200000000000000000e+01 2.918669871794871540e+01 3.526959591186963339e-01 3.277243589743589780e+01
1.310000000000000000e+02 1.255943215754798040e-05 3.274097356421888372e-01 3.894909020417776091e-01 8.517628205128204399e+01 4.200000000000000000e+01 2.918669871794871540e+01 3.526959591186963339e-01 3.277243589743589780e+01
1.320000000000000000e+02 1.199416459509752978e-05 3.279790800465040013e-01 3.770707123554669637e-01 8.344350961538461320e+01 4.200000000000000000e+01 2.918669871794871540e+01 3.526959591186963339e-01 3.277243589743589780e+01
1.330000000000000000e+02 1.145433826383894056e-05 3.278172312689221490e-01 4.157670048566964871e-01 8.686899038461538680e+01 4.200000000000000000e+01 2.918669871794871540e+01 3.526959591186963339e-01 3.277243589743589780e+01
1.340000000000000000e+02 1.093880811974783576e-05 3.272759772529286737e-01 3.777401344134257433e-01 8.525641025641024839e+01 4.200000000000000000e+01 2.918669871794871540e+01 3.526959591186963339e-01 3.277243589743589780e+01
1.350000000000000000e+02 1.044648065427026722e-05 3.275120419411619577e-01 3.763042749502720219e-01 8.438501602564102200e+01 4.200000000000000000e+01 2.918669871794871540e+01 3.526959591186963339e-01 3.277243589743589780e+01
1.360000000000000000e+02 9.976311574844465955e-06 3.274650194920784019e-01 3.865731129279503242e-01 8.543669871794872961e+01 4.200000000000000000e+01 2.918669871794871540e+01 3.526959591186963339e-01 3.277243589743589780e+01
1.370000000000000000e+02 9.527303589816301350e-06 3.270204484955338553e-01 3.735944494987145648e-01 8.443509615384616041e+01 4.200000000000000000e+01 2.918669871794871540e+01 3.526959591186963339e-01 3.277243589743589780e+01
1.380000000000000000e+02 9.098504293049979616e-06 3.271402785600709406e-01 3.904145757357279645e-01 8.583733974358975161e+01 4.200000000000000000e+01 2.918669871794871540e+01 3.526959591186963339e-01 3.277243589743589780e+01
1.390000000000000000e+02 8.689004143746937838e-06 3.267273503886766739e-01 3.926369169583687202e-01 8.478565705128204399e+01 4.200000000000000000e+01 2.918669871794871540e+01 3.526959591186963339e-01 3.277243589743589780e+01
1.400000000000000000e+02 8.297934537187861767e-06 3.259502072472217904e-01 3.924557941082196244e-01 8.670873397435897800e+01 4.200000000000000000e+01 2.918669871794871540e+01 3.526959591186963339e-01 3.277243589743589780e+01
1.410000000000000000e+02 7.924465962305623129e-06 3.264853184873407477e-01 3.826028437186509978e-01 8.234174679487179560e+01 4.200000000000000000e+01 2.918669871794871540e+01 3.526959591186963339e-01 3.277243589743589780e+01
1.420000000000000000e+02 7.567806242181094136e-06 3.268328440090841336e-01 3.874695541766973728e-01 8.622796474358975161e+01 4.200000000000000000e+01 2.918669871794871540e+01 3.526959591186963339e-01 3.277243589743589780e+01
1.430000000000000000e+02 7.227198853729689230e-06 3.261771041007081595e-01 3.992985700949644445e-01 8.649839743589743080e+01 4.200000000000000000e+01 2.918669871794871540e+01 3.526959591186963339e-01 3.277243589743589780e+01
1.440000000000000000e+02 6.901921323014473563e-06 3.256284455622523444e-01 3.864893363072322008e-01 8.524639423076922640e+01 4.200000000000000000e+01 2.918669871794871540e+01 3.526959591186963339e-01 3.277243589743589780e+01
1.450000000000000000e+02 6.591283692782082914e-06 3.256277049375959631e-01 3.900711475274501461e-01 8.574719551282051100e+01 4.200000000000000000e+01 2.918669871794871540e+01 3.526959591186963339e-01 3.277243589743589780e+01
1.460000000000000000e+02 6.294627058970881393e-06 3.256650239475502584e-01 3.818984914284486165e-01 8.542668269230769340e+01 4.200000000000000000e+01 2.918669871794871540e+01 3.526959591186963339e-01 3.277243589743589780e+01
1.470000000000000000e+02 6.011322173087108245e-06 3.258617706042675755e-01 3.882726205465121261e-01 8.532652243589743080e+01 4.200000000000000000e+01 2.918669871794871540e+01 3.526959591186963339e-01 3.277243589743589780e+01
1.480000000000000000e+02 5.740768107484456030e-06 3.258741983697434064e-01 3.762911565792866342e-01 8.264222756410256920e+01 4.200000000000000000e+01 2.918669871794871540e+01 3.526959591186963339e-01 3.277243589743589780e+01
1.490000000000000000e+02 5.482390980715965730e-06 3.254450125142562267e-01 3.888039844922530075e-01 8.521634615384616041e+01 4.200000000000000000e+01 2.918669871794871540e+01 3.526959591186963339e-01 3.277243589743589780e+01
1.500000000000000000e+02 5.235642740254536719e-06 3.250048481728419758e-01 3.928557065052863950e-01 8.514623397435897800e+01 4.200000000000000000e+01 2.918669871794871540e+01 3.526959591186963339e-01 3.277243589743589780e+01
1.510000000000000000e+02 5.000000000000037678e-06 3.251069425058759066e-01 3.879381662760025273e-01 8.427483974358975161e+01 4.200000000000000000e+01 2.918669871794871540e+01 3.526959591186963339e-01 3.277243589743589780e+01
1.520000000000000000e+02 4.774962930107215754e-06 3.249990165726212576e-01 3.961573972915991559e-01 8.791065705128204399e+01 4.200000000000000000e+01 2.918669871794871540e+01 3.526959591186963339e-01 3.277243589743589780e+01
1.530000000000000000e+02 4.560054196779582914e-06 3.246383780782872708e-01 3.769355435401965382e-01 8.456530448717948900e+01 4.200000000000000000e+01 2.918669871794871540e+01 3.526959591186963339e-01 3.277243589743589780e+01
1.540000000000000000e+02 4.354817949780435828e-06 3.245474410943748333e-01 3.978682741140707746e-01 8.449519230769230660e+01 4.200000000000000000e+01 2.918669871794871540e+01 3.526959591186963339e-01 3.277243589743589780e+01
1.550000000000000000e+02 4.158818855513386029e-06 3.252141833797959070e-01 3.937500524215208908e-01 8.512620192307693401e+01 4.200000000000000000e+01 2.918669871794871540e+01 3.526959591186963339e-01 3.277243589743589780e+01
1.560000000000000000e+02 3.971641173621437131e-06 3.241581441449725154e-01 3.746155955088444345e-01 8.269230769230769340e+01 4.200000000000000000e+01 2.918669871794871540e+01 3.526959591186963339e-01 3.277243589743589780e+01
1.570000000000000000e+02 3.792887875145947475e-06 3.247512589801441751e-01 3.790490883283125778e-01 8.337339743589743080e+01 4.200000000000000000e+01 2.918669871794871540e+01 3.526959591186963339e-01 3.277243589743589780e+01
1.580000000000000000e+02 3.622179800374977901e-06 3.239284204550025859e-01 3.969344798571023958e-01 8.805088141025640880e+01 4.200000000000000000e+01 2.918669871794871540e+01 3.526959591186963339e-01 3.277243589743589780e+01
1.590000000000000000e+02 3.459154854594708801e-06 3.244703129795957208e-01 3.934690562578347928e-01 8.616786858974359120e+01 4.200000000000000000e+01 2.918669871794871540e+01 3.526959591186963339e-01 3.277243589743589780e+01
1.600000000000000000e+02 3.303467240038005489e-06 3.246697115504051934e-01 3.906715172223555466e-01 8.362379807692306599e+01 4.200000000000000000e+01 2.918669871794871540e+01 3.526959591186963339e-01 3.277243589743589780e+01
1.610000000000000000e+02 3.154786722400990654e-06 3.240809878534521848e-01 3.960004918850384970e-01 8.532652243589743080e+01 4.200000000000000000e+01 2.918669871794871540e+01 3.526959591186963339e-01 3.277243589743589780e+01
1.620000000000000000e+02 3.012797930371811982e-06 3.242756486924226467e-01 4.113295788948352349e-01 8.793068910256410220e+01 4.200000000000000000e+01 2.918669871794871540e+01 3.526959591186963339e-01 3.277243589743589780e+01
1.630000000000000000e+02 2.877199686685807089e-06 3.236810469922940525e-01 4.164643146288700692e-01 8.726963141025640880e+01 4.200000000000000000e+01 2.918669871794871540e+01 3.526959591186963339e-01 3.277243589743589780e+01
1.640000000000000000e+02 2.747704369288144132e-06 3.236338228233589520e-01 3.950646993441459531e-01 8.653846153846154721e+01 4.200000000000000000e+01 2.918669871794871540e+01 3.526959591186963339e-01 3.277243589743589780e+01
1.650000000000000000e+02 2.624037301248883572e-06 3.234038855911286481e-01 3.888995028459109049e-01 8.550681089743589780e+01 4.200000000000000000e+01 2.918669871794871540e+01 3.526959591186963339e-01 3.277243589743589780e+01
1.660000000000000000e+02 2.505936168136381120e-06 3.239356763106732151e-01 3.826846629381179810e-01 8.432491987179486159e+01 4.200000000000000000e+01 2.918669871794871540e+01 3.526959591186963339e-01 3.277243589743589780e+01
1.670000000000000000e+02 2.393150461613210763e-06 3.240772492629437340e-01 3.753388753304114922e-01 8.413461538461538680e+01 4.200000000000000000e+01 2.918669871794871540e+01 3.526959591186963339e-01 3.277243589743589780e+01
1.680000000000000000e+02 2.285440948074393269e-06 3.231124530646426463e-01 3.919025479983060944e-01 8.359375000000000000e+01 4.200000000000000000e+01 2.918669871794871540e+01 3.526959591186963339e-01 3.277243589743589780e+01
1.690000000000000000e+02 2.182579161200847368e-06 3.227024635500159166e-01 3.688002515297669759e-01 8.169070512820513841e+01 4.200000000000000000e+01 2.918669871794871540e+01 3.526959591186963339e-01 3.277243589743589780e+01
1.700000000000000000e+02 2.084346917351693942e-06 3.226302937042614394e-01 3.862720452822171469e-01 8.459535256410256920e+01 4.200000000000000000e+01 2.918669871794871540e+01 3.526959591186963339e-01 3.277243589743589780e+01
1.710000000000000000e+02 1.990535852767502347e-06 3.233699676419092839e-01 3.801452616850535260e-01 8.246193910256410220e+01 4.200000000000000000e+01 2.918669871794871540e+01 3.526959591186963339e-01 3.277243589743589780e+01
1.720000000000000000e+02 1.900946981602821430e-06 3.232727547322423178e-01 4.013068481133534315e-01 8.370392628205127039e+01 4.200000000000000000e+01 2.918669871794871540e+01 3.526959591186963339e-01 3.277243589743589780e+01
1.730000000000000000e+02 1.815390273850521654e-06 3.227531329166790641e-01 3.726856528948515046e-01 8.209134615384616041e+01 4.200000000000000000e+01 2.918669871794871540e+01 3.526959591186963339e-01 3.277243589743589780e+01
1.740000000000000000e+02 1.733684252262672609e-06 3.225083325027434111e-01 4.087281486926934715e-01 8.682892628205127039e+01 4.200000000000000000e+01 2.918669871794871540e+01 3.526959591186963339e-01 3.277243589743589780e+01
1.750000000000000000e+02 1.655655607412969315e-06 3.228228439476864553e-01 3.896615707721465816e-01 8.221153846153845279e+01 4.200000000000000000e+01 2.918669871794871540e+01 3.526959591186963339e-01 3.277243589743589780e+01
1.760000000000000000e+02 1.581138830084202936e-06 3.228363329221394240e-01 3.797057309211828713e-01 8.410456730769230660e+01 4.200000000000000000e+01 2.918669871794871540e+01 3.526959591186963339e-01 3.277243589743589780e+01
1.770000000000000000e+02 1.509975860201020866e-06 3.228999843282147619e-01 3.861090074747036693e-01 8.799078525641024839e+01 4.200000000000000000e+01 2.918669871794871540e+01 3.526959591186963339e-01 3.277243589743589780e+01
1.780000000000000000e+02 1.442015751563315222e-06 3.228301712304107451e-01 3.978888266361676473e-01 8.773036858974359120e+01 4.200000000000000000e+01 2.918669871794871540e+01 3.526959591186963339e-01 3.277243589743589780e+01
1.790000000000000000e+02 1.377114351669095024e-06 3.225204377627569619e-01 3.824289922530834662e-01 8.436498397435897800e+01 4.200000000000000000e+01 2.918669871794871540e+01 3.526959591186963339e-01 3.277243589743589780e+01
1.800000000000000000e+02 1.315133995947702268e-06 3.223584859824377702e-01 3.857165716397456534e-01 8.573717948717948900e+01 4.200000000000000000e+01 2.918669871794871540e+01 3.526959591186963339e-01 3.277243589743589780e+01
1.810000000000000000e+02 1.255943215754800877e-06 3.222195273588511766e-01 3.947345079519810063e-01 8.621794871794872961e+01 4.200000000000000000e+01 2.918669871794871540e+01 3.526959591186963339e-01 3.277243589743589780e+01
1.820000000000000000e+02 1.199416459509755646e-06 3.222064421689214697e-01 3.818778949670302292e-01 8.299278846153845279e+01 4.200000000000000000e+01 2.918669871794871540e+01 3.526959591186963339e-01 3.277243589743589780e+01
1.830000000000000000e+02 1.145433826383896470e-06 3.217342901820978707e-01 4.222699312063363797e-01 8.558693910256410220e+01 4.200000000000000000e+01 2.918669871794871540e+01 3.526959591186963339e-01 3.277243589743589780e+01
1.840000000000000000e+02 1.093880811974785820e-06 3.227997330594654102e-01 3.902670057156147343e-01 8.450520833333334281e+01 4.200000000000000000e+01 2.918669871794871540e+01 3.526959591186963339e-01 3.277243589743589780e+01
1.850000000000000000e+02 1.044648065427028797e-06 3.221957614106580325e-01 3.951373073535087710e-01 8.725961538461538680e+01 4.200000000000000000e+01 2.918669871794871540e+01 3.526959591186963339e-01 3.277243589743589780e+01
1.860000000000000000e+02 9.976311574844484590e-07 3.213712456797765404e-01 3.759665787220001221e-01 8.234174679487179560e+01 4.200000000000000000e+01 2.918669871794871540e+01 3.526959591186963339e-01 3.277243589743589780e+01
1.870000000000000000e+02 9.527303589816318926e-07 3.223258595821286154e-01 3.999417748970863218e-01 8.698918269230769340e+01 4.200000000000000000e+01 2.918669871794871540e+01 3.526959591186963339e-01 3.277243589743589780e+01
1.880000000000000000e+02 9.098504293049996557e-07 3.214647995538947867e-01 3.880812999529716367e-01 8.551682692307693401e+01 4.200000000000000000e+01 2.918669871794871540e+01 3.526959591186963339e-01 3.277243589743589780e+01
1.890000000000000000e+02 8.689004143746953720e-07 3.216471047933436855e-01 3.705529436851159319e-01 8.175080128205127039e+01 4.200000000000000000e+01 2.918669871794871540e+01 3.526959591186963339e-01 3.277243589743589780e+01
1.900000000000000000e+02 8.297934537187876590e-07 3.221951270399014966e-01 3.813290916956387777e-01 8.249198717948718240e+01 4.200000000000000000e+01 2.918669871794871540e+01 3.526959591186963339e-01 3.277243589743589780e+01
1.910000000000000000e+02 7.924465962305638164e-07 3.210098520783353226e-01 3.697672241773360957e-01 8.155048076923077360e+01 4.200000000000000000e+01 2.918669871794871540e+01 3.526959591186963339e-01 3.277243589743589780e+01
1.920000000000000000e+02 7.567806242181108959e-07 3.203970242137751390e-01 3.933735161255567658e-01 8.605769230769230660e+01 4.200000000000000000e+01 2.918669871794871540e+01 3.526959591186963339e-01 3.277243589743589780e+01
1.930000000000000000e+02 7.227198853729703206e-07 3.213501636154395547e-01 3.873209613255965134e-01 8.560697115384616041e+01 4.200000000000000000e+01 2.918669871794871540e+01 3.526959591186963339e-01 3.277243589743589780e+01
1.940000000000000000e+02 6.901921323014486692e-07 3.213810900518717095e-01 3.799025141275845785e-01 8.369391025641024839e+01 4.200000000000000000e+01 2.918669871794871540e+01 3.526959591186963339e-01 3.277243589743589780e+01
1.950000000000000000e+02 6.591283692782095196e-07 3.211534418843009497e-01 3.922654994023151986e-01 8.661858974358975161e+01 4.200000000000000000e+01 2.918669871794871540e+01 3.526959591186963339e-01 3.277243589743589780e+01
1.960000000000000000e+02 6.294627058970893040e-07 3.212238520137534747e-01 3.731899590064317596e-01 8.289262820512820440e+01 4.200000000000000000e+01 2.918669871794871540e+01 3.526959591186963339e-01 3.277243589743589780e+01
1.970000000000000000e+02 6.011322173087118833e-07 3.210703762109614612e-01 3.823716181975144734e-01 8.408453525641024839e+01 4.200000000000000000e+01 2.918669871794871540e+01 3.526959591186963339e-01 3.277243589743589780e+01
1.980000000000000000e+02 5.740768107484465559e-07 3.212230626709204895e-01 4.127186574997045998e-01 8.860176282051281760e+01 4.200000000000000000e+01 2.918669871794871540e+01 3.526959591186963339e-01 3.277243589743589780e+01
1.990000000000000000e+02 5.482390980715975259e-07 3.214301421129999170e-01 3.847935956258040080e-01 8.568709935897436480e+01 4.200000000000000000e+01 2.918669871794871540e+01 3.526959591186963339e-01 3.277243589743589780e+01
2.000000000000000000e+02 5.235642740254545613e-07 3.207919227190254019e-01 3.808724299455300555e-01 8.476562500000000000e+01 4.200000000000000000e+01 2.918669871794871540e+01 3.526959591186963339e-01 3.277243589743589780e+01
