# Epoch, LR, Training Loss, Validation Loss, Validation Error, Best Epoch, Best Validation Error, Test Loss, Test Error
1.000000000000000000e+00 5.000000000000000104e-03 1.170250473363199539e+00 1.165742837465726378e+00 6.896033653846154721e+01 1.000000000000000000e+00 6.896033653846154721e+01 1.165773877730736263e+00 6.726762820512820440e+01
2.000000000000000000e+00 4.560054196779549270e-03 1.169990550383513073e+00 1.168017897850427866e+00 8.075921474358975161e+01 1.000000000000000000e+00 6.896033653846154721e+01 1.165773877730736263e+00 6.726762820512820440e+01
3.000000000000000000e+00 4.158818855513355360e-03 1.169987838113667467e+00 1.167830693416106458e+00 6.660657051282051100e+01 3.000000000000000000e+00 6.660657051282051100e+01 1.167876610389122494e+00 6.716746794871795601e+01
4.000000000000000000e+00 3.792887875145919269e-03 1.169986633218452532e+00 1.168202037994678255e+00 7.536057692307693401e+01 3.000000000000000000e+00 6.660657051282051100e+01 1.167876610389122494e+00 6.716746794871795601e+01
5.000000000000000000e+00 3.459154854594683089e-03 1.169991676445984341e+00 1.167273212701846363e+00 6.807892628205127039e+01 3.000000000000000000e+00 6.660657051282051100e+01 1.167876610389122494e+00 6.716746794871795601e+01
6.000000000000000000e+00 3.154786722400966872e-03 1.169980447679351832e+00 1.167131622632344490e+00 6.418269230769230660e+01 6.000000000000000000e+00 6.418269230769230660e+01 1.167184727314191095e+00 6.410256410256410220e+01
7.000000000000000000e+00 2.877199686685785480e-03 1.169974151991064693e+00 1.168492845999888896e+00 7.106370192307693401e+01 6.000000000000000000e+00 6.418269230769230660e+01 1.167184727314191095e+00 6.410256410256410220e+01
8.000000000000000000e+00 2.624037301248863599e-03 1.169975022105627094e+00 1.167884878623179912e+00 7.160456730769230660e+01 6.000000000000000000e+00 6.418269230769230660e+01 1.167184727314191095e+00 6.410256410256410220e+01
9.000000000000000000e+00 2.393150461613192254e-03 1.169967144198380327e+00 1.166579225124456887e+00 5.774238782051281760e+01 9.000000000000000000e+00 5.774238782051281760e+01 1.166643680670322425e+00 5.888421474358974450e+01
1.000000000000000000e+01 2.182579161200830491e-03 1.169957945190249982e+00 1.165988379564040667e+00 5.205328525641025550e+01 1.000000000000000000e+01 5.205328525641025550e+01 1.166006256372500660e+00 5.160256410256410931e+01
1.100000000000000000e+01 1.990535852767486708e-03 1.169957804069298390e+00 1.166872403560540672e+00 5.741185897435897800e+01 1.000000000000000000e+01 5.205328525641025550e+01 1.166006256372500660e+00 5.160256410256410931e+01
1.200000000000000000e+01 1.815390273850507217e-03 1.169952436007531515e+00 1.166947219616327525e+00 5.788261217948718240e+01 1.000000000000000000e+01 5.205328525641025550e+01 1.166006256372500660e+00 5.160256410256410931e+01
1.300000000000000000e+01 1.655655607412955888e-03 1.169955230606138930e+00 1.166113807604863162e+00 6.194911858974359120e+01 1.000000000000000000e+01 5.205328525641025550e+01 1.166006256372500660e+00 5.160256410256410931e+01
1.400000000000000000e+01 1.509975860201008503e-03 1.169947619774970970e+00 1.166069574845142842e+00 4.315905448717948900e+01 1.400000000000000000e+01 4.315905448717948900e+01 1.166257613744491106e+00 4.474158653846153300e+01
1.500000000000000000e+01 1.377114351669083640e-03 1.169940671857749637e+00 1.165986640331072577e+00 5.435697115384615330e+01 1.400000000000000000e+01 4.315905448717948900e+01 1.166257613744491106e+00 4.474158653846153300e+01
1.600000000000000000e+01 1.255943215754790369e-03 1.169938290971017869e+00 1.164619853863349430e+00 4.247796474358974450e+01 1.600000000000000000e+01 4.247796474358974450e+01 1.164687103185898298e+00 4.391025641025640880e+01
1.700000000000000000e+01 1.145433826383886839e-03 1.169929558016553628e+00 1.165565183529487125e+00 5.791266025641025550e+01 1.600000000000000000e+01 4.247796474358974450e+01 1.164687103185898298e+00 4.391025641025640880e+01
1.800000000000000000e+01 1.044648065427020156e-03 1.169920975686301379e+00 1.164000448508140328e+00 3.730969551282051100e+01 1.800000000000000000e+01 3.730969551282051100e+01 1.164128913329197879e+00 3.886217948717948900e+01
1.900000000000000000e+01 9.527303589816239890e-04 1.169923994473217377e+00 1.164173622926076179e+00 4.111578525641025550e+01 1.800000000000000000e+01 3.730969551282051100e+01 1.164128913329197879e+00 3.886217948717948900e+01
2.000000000000000000e+01 8.689004143746881324e-04 1.169908948301136453e+00 1.163436856025304555e+00 3.797075320512820440e+01 1.800000000000000000e+01 3.730969551282051100e+01 1.164128913329197879e+00 3.886217948717948900e+01
2.100000000000000000e+01 7.924465962305571494e-04 1.169903378208921430e+00 1.164231118483421090e+00 3.651842948717948900e+01 2.100000000000000000e+01 3.651842948717948900e+01 1.164329172709049232e+00 3.688902243589743080e+01
2.200000000000000000e+01 7.227198853729641017e-04 1.169902647147243568e+00 1.163064181804656982e+00 2.570112179487179560e+01 2.200000000000000000e+01 2.570112179487179560e+01 1.163232869062668318e+00 2.712339743589743435e+01
2.300000000000000000e+01 6.591283692782038631e-04 1.169893328782104946e+00 1.162614979805090432e+00 2.866586538461538680e+01 2.200000000000000000e+01 2.570112179487179560e+01 1.163232869062668318e+00 2.712339743589743435e+01
2.400000000000000000e+01 6.011322173087067181e-04 1.169888136259833011e+00 1.162366821215703006e+00 2.872596153846153655e+01 2.200000000000000000e+01 2.570112179487179560e+01 1.163232869062668318e+00 2.712339743589743435e+01
2.500000000000000000e+01 5.482390980715927918e-04 1.169885827558486691e+00 1.161706895400316242e+00 2.905649038461538680e+01 2.200000000000000000e+01 2.570112179487179560e+01 1.163232869062668318e+00 2.712339743589743435e+01
2.600000000000000000e+01 5.000000000000002272e-04 1.169866218393570856e+00 1.160888250057513948e+00 2.510016025641025905e+01 2.600000000000000000e+01 2.510016025641025905e+01 1.161010766640687697e+00 2.584134615384615685e+01
2.700000000000000000e+01 4.560054196779550896e-04 1.169859148411158012e+00 1.160685345148428915e+00 2.202524038461538680e+01 2.700000000000000000e+01 2.202524038461538680e+01 1.160833820318564413e+00 2.291666666666666430e+01
2.800000000000000000e+01 4.158818855513357095e-04 1.169858292674585076e+00 1.159428269435197834e+00 2.033253205128205110e+01 2.800000000000000000e+01 2.033253205128205110e+01 1.159660388261843922e+00 2.132411858974359120e+01
2.900000000000000000e+01 3.792887875145920895e-04 1.169843273288895480e+00 1.159752222207876438e+00 2.158453525641025550e+01 2.800000000000000000e+01 2.033253205128205110e+01 1.159660388261843922e+00 2.132411858974359120e+01
3.000000000000000000e+01 3.459154854594684390e-04 1.169831844461402426e+00 1.158535581368666412e+00 1.988181089743589780e+01 3.000000000000000000e+01 1.988181089743589780e+01 1.158803846591558218e+00 2.161458333333333570e+01
3.100000000000000000e+01 3.154786722400968173e-04 1.169828258580976277e+00 1.157835437701298709e+00 1.396233974358974450e+01 3.100000000000000000e+01 1.396233974358974450e+01 1.158127824465433831e+00 1.438301282051281937e+01
3.200000000000000000e+01 2.877199686685786456e-04 1.169819899454239032e+00 1.157476027806599861e+00 1.782852564102564230e+01 3.100000000000000000e+01 1.396233974358974450e+01 1.158127824465433831e+00 1.438301282051281937e+01
3.300000000000000000e+01 2.624037301248864683e-04 1.169807781271085645e+00 1.157979943813421730e+00 1.624599358974359120e+01 3.100000000000000000e+01 1.396233974358974450e+01 1.158127824465433831e+00 1.438301282051281937e+01
3.400000000000000000e+01 2.393150461613193229e-04 1.169793969242595377e+00 1.157202853606297488e+00 1.657652243589743790e+01 3.100000000000000000e+01 1.396233974358974450e+01 1.158127824465433831e+00 1.438301282051281937e+01
3.500000000000000000e+01 2.182579161200831359e-04 1.169790382722053490e+00 1.156360866167606360e+00 1.565504807692307843e+01 3.100000000000000000e+01 1.396233974358974450e+01 1.158127824465433831e+00 1.438301282051281937e+01
3.600000000000000000e+01 1.990535852767487575e-04 1.169774779698318001e+00 1.156537320369329214e+00 1.377203525641025550e+01 3.600000000000000000e+01 1.377203525641025550e+01 1.156837351811237813e+00 1.466346153846153832e+01
3.700000000000000000e+01 1.815390273850508085e-04 1.169767668846962261e+00 1.155052347060961493e+00 1.401241987179487047e+01 3.600000000000000000e+01 1.377203525641025550e+01 1.156837351811237813e+00 1.466346153846153832e+01
3.800000000000000000e+01 1.655655607412956864e-04 1.169755452627586179e+00 1.154938045220497367e+00 1.414262820512820440e+01 3.600000000000000000e+01 1.377203525641025550e+01 1.156837351811237813e+00 1.466346153846153832e+01
3.900000000000000000e+01 1.509975860201009533e-04 1.169756556926114355e+00 1.154637622527587171e+00 1.277043269230769340e+01 3.900000000000000000e+01 1.277043269230769340e+01 1.154882256801311735e+00 1.289062500000000000e+01
4.000000000000000000e+01 1.377114351669084453e-04 1.169743472463284029e+00 1.154772322911482574e+00 1.384214743589743613e+01 3.900000000000000000e+01 1.277043269230769340e+01 1.154882256801311735e+00 1.289062500000000000e+01
4.100000000000000000e+01 1.255943215754791128e-04 1.169728969897380955e+00 1.153412193824083332e+00 1.139823717948717885e+01 4.100000000000000000e+01 1.139823717948717885e+01 1.153698253325927015e+00 1.159855769230769340e+01
4.200000000000000000e+01 1.145433826383887517e-04 1.169722063095300690e+00 1.153525755955622678e+00 1.221955128205128105e+01 4.100000000000000000e+01 1.139823717948717885e+01 1.153698253325927015e+00 1.159855769230769340e+01
4.300000000000000000e+01 1.044648065427020725e-04 1.169706545157749744e+00 1.152512036837064269e+00 1.144831730769230660e+01 4.100000000000000000e+01 1.139823717948717885e+01 1.153698253325927015e+00 1.159855769230769340e+01
4.400000000000000000e+01 9.527303589816244768e-05 1.169699913162379534e+00 1.152529817361098052e+00 1.122796474358974450e+01 4.400000000000000000e+01 1.122796474358974450e+01 1.152932174694843770e+00 1.164863782051282115e+01
4.500000000000000000e+01 8.689004143746885660e-05 1.169699679569289996e+00 1.152293449793106550e+00 1.087740384615384670e+01 4.500000000000000000e+01 1.087740384615384670e+01 1.152694187103173729e+00 1.134815705128205110e+01
4.600000000000000000e+01 7.924465962305575018e-05 1.169689538015013408e+00 1.152862053651076080e+00 1.244991987179487225e+01 4.500000000000000000e+01 1.087740384615384670e+01 1.152694187103173729e+00 1.134815705128205110e+01
4.700000000000000000e+01 7.227198853729643999e-05 1.169674045091224857e+00 1.151552710777673960e+00 1.252003205128205110e+01 4.500000000000000000e+01 1.087740384615384670e+01 1.152694187103173729e+00 1.134815705128205110e+01
4.800000000000000000e+01 6.591283692782041071e-05 1.169667596612179450e+00 1.151479144891103035e+00 1.166866987179487225e+01 4.500000000000000000e+01 1.087740384615384670e+01 1.152694187103173729e+00 1.134815705128205110e+01
4.900000000000000000e+01 6.011322173087069621e-05 1.169660062791886501e+00 1.151775809434744113e+00 1.143830128205128105e+01 4.500000000000000000e+01 1.087740384615384670e+01 1.152694187103173729e+00 1.134815705128205110e+01
5.000000000000000000e+01 5.482390980715929815e-05 1.169652019242322538e+00 1.152155222036899573e+00 1.220953525641025550e+01 4.500000000000000000e+01 1.087740384615384670e+01 1.152694187103173729e+00 1.134815705128205110e+01
5.100000000000000000e+01 5.000000000000004305e-05 1.169636538628456401e+00 1.151359628408383129e+00 1.248998397435897445e+01 4.500000000000000000e+01 1.087740384615384670e+01 1.152694187103173729e+00 1.134815705128205110e+01
5.200000000000000000e+01 4.560054196779552929e-05 1.169643312384894163e+00 1.151248312913454530e+00 1.182892628205128105e+01 4.500000000000000000e+01 1.087740384615384670e+01 1.152694187103173729e+00 1.134815705128205110e+01
5.300000000000000000e+01 4.158818855513359263e-05 1.169632194112126156e+00 1.150787871617537261e+00 1.114783653846153832e+01 4.500000000000000000e+01 1.087740384615384670e+01 1.152694187103173729e+00 1.134815705128205110e+01
5.400000000000000000e+01 3.792887875145922657e-05 1.169621426032033673e+00 1.151120088039300438e+00 1.297075320512820440e+01 4.500000000000000000e+01 1.087740384615384670e+01 1.152694187103173729e+00 1.134815705128205110e+01
5.500000000000000000e+01 3.459154854594686016e-05 1.169606688248131299e+00 1.150791301177098269e+00 1.211939102564102555e+01 4.500000000000000000e+01 1.087740384615384670e+01 1.152694187103173729e+00 1.134815705128205110e+01
5.600000000000000000e+01 3.154786722400969393e-05 1.169613981237100253e+00 1.150203934082618229e+00 1.109775641025640880e+01 4.500000000000000000e+01 1.087740384615384670e+01 1.152694187103173729e+00 1.134815705128205110e+01
5.700000000000000000e+01 2.877199686685787608e-05 1.169612406798011817e+00 1.150239683114565370e+00 1.180889423076922995e+01 4.500000000000000000e+01 1.087740384615384670e+01 1.152694187103173729e+00 1.134815705128205110e+01
5.800000000000000000e+01 2.624037301248865700e-05 1.169612355194816544e+00 1.150502745921795134e+00 1.108774038461538325e+01 4.500000000000000000e+01 1.087740384615384670e+01 1.152694187103173729e+00 1.134815705128205110e+01
5.900000000000000000e+01 2.393150461613194246e-05 1.169599850332377455e+00 1.150234152109194996e+00 1.227964743589743613e+01 4.500000000000000000e+01 1.087740384615384670e+01 1.152694187103173729e+00 1.134815705128205110e+01
6.000000000000000000e+01 2.182579161200832036e-05 1.169590587460369369e+00 1.150275661395146365e+00 1.229967948717948723e+01 4.500000000000000000e+01 1.087740384615384670e+01 1.152694187103173729e+00 1.134815705128205110e+01
6.100000000000000000e+01 1.990535852767488456e-05 1.169590134652179980e+00 1.149781859838045595e+00 1.139823717948717885e+01 4.500000000000000000e+01 1.087740384615384670e+01 1.152694187103173729e+00 1.134815705128205110e+01
6.200000000000000000e+01 1.815390273850508694e-05 1.169590341557357416e+00 1.150173841378627770e+00 1.274038461538461497e+01 4.500000000000000000e+01 1.087740384615384670e+01 1.152694187103173729e+00 1.134815705128205110e+01
6.300000000000000000e+01 1.655655607412957202e-05 1.169569739030934974e+00 1.149996302066705223e+00 1.289062500000000000e+01 4.500000000000000000e+01 1.087740384615384670e+01 1.152694187103173729e+00 1.134815705128205110e+01
6.400000000000000000e+01 1.509975860201009770e-05 1.169569426161944481e+00 1.149216230099017855e+00 1.258012820512820440e+01 4.500000000000000000e+01 1.087740384615384670e+01 1.152694187103173729e+00 1.134815705128205110e+01
6.500000000000000000e+01 1.377114351669084859e-05 1.169576884005395723e+00 1.149417744233057981e+00 1.161858974358974450e+01 4.500000000000000000e+01 1.087740384615384670e+01 1.152694187103173729e+00 1.134815705128205110e+01
6.600000000000000000e+01 1.255943215754791602e-05 1.169567167389643947e+00 1.149552718186989786e+00 1.112780448717948723e+01 4.500000000000000000e+01 1.087740384615384670e+01 1.152694187103173729e+00 1.134815705128205110e+01
6.700000000000000000e+01 1.145433826383887957e-05 1.169573847689149959e+00 1.149728255394177667e+00 1.147836538461538325e+01 4.500000000000000000e+01 1.087740384615384670e+01 1.152694187103173729e+00 1.134815705128205110e+01
6.800000000000000000e+01 1.044648065427021132e-05 1.169563967843825880e+00 1.149261341645167356e+00 1.123798076923077005e+01 4.500000000000000000e+01 1.087740384615384670e+01 1.152694187103173729e+00 1.134815705128205110e+01
6.900000000000000000e+01 9.527303589816248834e-06 1.169564288738885738e+00 1.149445139444791320e+00 1.111778846153846168e+01 4.500000000000000000e+01 1.087740384615384670e+01 1.152694187103173729e+00 1.134815705128205110e+01
7.000000000000000000e+01 8.689004143746888710e-06 1.169557179118522416e+00 1.149631492602519511e+00 1.139823717948717885e+01 4.500000000000000000e+01 1.087740384615384670e+01 1.152694187103173729e+00 1.134815705128205110e+01
7.100000000000000000e+01 7.924465962305577389e-06 1.169562884472165942e+00 1.149481855905972960e+00 1.141826923076922995e+01 4.500000000000000000e+01 1.087740384615384670e+01 1.152694187103173729e+00 1.134815705128205110e+01
7.200000000000000000e+01 7.227198853729646878e-06 1.169564477770055788e+00 1.149234919975965497e+00 1.143830128205128105e+01 4.500000000000000000e+01 1.087740384615384670e+01 1.152694187103173729e+00 1.134815705128205110e+01
7.300000000000000000e+01 6.591283692782043951e-06 1.169550461495331373e+00 1.149003488895220526e+00 1.124799679487179560e+01 4.500000000000000000e+01 1.087740384615384670e+01 1.152694187103173729e+00 1.134815705128205110e+01
7.400000000000000000e+01 6.011322173087072670e-06 1.169562261590087138e+00 1.149347487168434379e+00 1.197916666666666785e+01 4.500000000000000000e+01 1.087740384615384670e+01 1.152694187103173729e+00 1.134815705128205110e+01
7.500000000000000000e+01 5.482390980715932695e-06 1.169555295158742236e+00 1.149053731025793557e+00 1.105769230769230660e+01 4.500000000000000000e+01 1.087740384615384670e+01 1.152694187103173729e+00 1.134815705128205110e+01
7.600000000000000000e+01 5.000000000000007185e-06 1.169541333195396104e+00 1.149173138997493737e+00 1.128806089743589780e+01 4.500000000000000000e+01 1.087740384615384670e+01 1.152694187103173729e+00 1.134815705128205110e+01
7.700000000000000000e+01 4.560054196779554962e-06 1.169567100472905130e+00 1.149230081301469086e+00 1.187900641025640880e+01 4.500000000000000000e+01 1.087740384615384670e+01 1.152694187103173729e+00 1.134815705128205110e+01
7.800000000000000000e+01 4.158818855513360618e-06 1.169542734015337482e+00 1.148814986913632152e+00 1.126802884615384670e+01 4.500000000000000000e+01 1.087740384615384670e+01 1.152694187103173729e+00 1.134815705128205110e+01
7.900000000000000000e+01 3.792887875145924181e-06 1.169553383477016872e+00 1.149104538636329886e+00 1.095753205128205110e+01 4.500000000000000000e+01 1.087740384615384670e+01 1.152694187103173729e+00 1.134815705128205110e+01
8.000000000000000000e+01 3.459154854594687202e-06 1.169541610168652435e+00 1.148885645927526955e+00 1.142828525641025550e+01 4.500000000000000000e+01 1.087740384615384670e+01 1.152694187103173729e+00 1.134815705128205110e+01
8.100000000000000000e+01 3.154786722400970748e-06 1.169530148449046569e+00 1.149482215062165968e+00 1.194911858974359120e+01 4.500000000000000000e+01 1.087740384615384670e+01 1.152694187103173729e+00 1.134815705128205110e+01
8.200000000000000000e+01 2.877199686685788878e-06 1.169519953321987105e+00 1.149149434688763849e+00 1.143830128205128105e+01 4.500000000000000000e+01 1.087740384615384670e+01 1.152694187103173729e+00 1.134815705128205110e+01
8.300000000000000000e+01 2.624037301248867055e-06 1.169564059331169803e+00 1.149281182350256447e+00 1.210937500000000000e+01 4.500000000000000000e+01 1.087740384615384670e+01 1.152694187103173729e+00 1.134815705128205110e+01
8.400000000000000000e+01 2.393150461613195516e-06 1.169555727335501727e+00 1.149555481397188661e+00 1.176883012820512775e+01 4.500000000000000000e+01 1.087740384615384670e+01 1.152694187103173729e+00 1.134815705128205110e+01
8.500000000000000000e+01 2.182579161200833392e-06 1.169555951031413521e+00 1.149160032088939909e+00 1.134815705128205110e+01 4.500000000000000000e+01 1.087740384615384670e+01 1.152694187103173729e+00 1.134815705128205110e+01
8.600000000000000000e+01 1.990535852767489642e-06 1.169541187445913621e+00 1.149053041751568083e+00 1.143830128205128105e+01 4.500000000000000000e+01 1.087740384615384670e+01 1.152694187103173729e+00 1.134815705128205110e+01
8.700000000000000000e+01 1.815390273850509796e-06 1.169544201555059004e+00 1.149489245353600975e+00 1.209935897435897445e+01 4.500000000000000000e+01 1.087740384615384670e+01 1.152694187103173729e+00 1.134815705128205110e+01
8.800000000000000000e+01 1.655655607412958304e-06 1.169532213807844556e+00 1.148901574122600078e+00 1.162860576923077005e+01 4.500000000000000000e+01 1.087740384615384670e+01 1.152694187103173729e+00 1.134815705128205110e+01
8.900000000000000000e+01 1.509975860201010702e-06 1.169542480726372125e+00 1.149309710050240518e+00 1.099759615384615330e+01 4.500000000000000000e+01 1.087740384615384670e+01 1.152694187103173729e+00 1.134815705128205110e+01
9.000000000000000000e+01 1.377114351669085706e-06 1.169536751392999507e+00 1.149124879103440522e+00 1.128806089743589780e+01 4.500000000000000000e+01 1.087740384615384670e+01 1.152694187103173729e+00 1.134815705128205110e+01
9.100000000000000000e+01 1.255943215754792407e-06 1.169545152964349688e+00 1.149149341460985907e+00 1.136818910256410220e+01 4.500000000000000000e+01 1.087740384615384670e+01 1.152694187103173729e+00 1.134815705128205110e+01
9.200000000000000000e+01 1.145433826383888635e-06 1.169547196559204805e+00 1.149022508890200855e+00 1.167868589743589780e+01 4.500000000000000000e+01 1.087740384615384670e+01 1.152694187103173729e+00 1.134815705128205110e+01
9.300000000000000000e+01 1.044648065427021598e-06 1.169522570657710370e+00 1.148744321786440370e+00 1.128806089743589780e+01 4.500000000000000000e+01 1.087740384615384670e+01 1.152694187103173729e+00 1.134815705128205110e+01
9.400000000000000000e+01 9.527303589816253281e-07 1.169518058824913442e+00 1.149195496852581266e+00 1.129807692307692335e+01 4.500000000000000000e+01 1.087740384615384670e+01 1.152694187103173729e+00 1.134815705128205110e+01
9.500000000000000000e+01 8.689004143746893368e-07 1.169540065962733522e+00 1.149376233418782478e+00 1.130809294871794890e+01 4.500000000000000000e+01 1.087740384615384670e+01 1.152694187103173729e+00 1.134815705128205110e+01
9.600000000000000000e+01 7.924465962305582048e-07 1.169536619676828648e+00 1.149079703367673400e+00 1.145833333333333215e+01 4.500000000000000000e+01 1.087740384615384670e+01 1.152694187103173729e+00 1.134815705128205110e+01
9.700000000000000000e+01 7.227198853729651325e-07 1.169533050931814699e+00 1.149311198638035769e+00 1.207932692307692335e+01 4.500000000000000000e+01 1.087740384615384670e+01 1.152694187103173729e+00 1.134815705128205110e+01
9.800000000000000000e+01 6.591283692782048609e-07 1.169527969297324832e+00 1.149266525720938681e+00 1.148838141025640880e+01 4.500000000000000000e+01 1.087740384615384670e+01 1.152694187103173729e+00 1.134815705128205110e+01
9.900000000000000000e+01 6.011322173087076482e-07 1.169543006950939379e+00 1.148985292666997671e+00 1.188902243589743613e+01 4.500000000000000000e+01 1.087740384615384670e+01 1.152694187103173729e+00 1.134815705128205110e+01
1.000000000000000000e+02 5.482390980715936084e-07 1.169541816630672582e+00 1.148829446389124875e+00 1.136818910256410220e+01 4.500000000000000000e+01 1.087740384615384670e+01 1.152694187103173729e+00 1.134815705128205110e+01
