# Train Loss, Validation Loss, Validation Error, Test Error
1.056675281585791160e+00 7.944913002160879367e-01 8.609775641025640880e+01 5.339543269230768630e+01
5.950804380270150462e-01 4.700373273629408488e-01 7.726362179487179560e+01 0.000000000000000000e+00
4.331335076918969018e-01 3.884308575055537838e-01 6.969150641025640880e+01 0.000000000000000000e+00
3.897812922031451688e-01 3.601539715742453351e-01 6.486378205128204399e+01 0.000000000000000000e+00
3.708924538049942488e-01 3.420680738412417154e-01 5.973557692307692690e+01 0.000000000000000000e+00
3.621421706217985981e-01 3.251239137771801957e-01 5.590945512820513130e+01 0.000000000000000000e+00
3.557428731368137975e-01 3.254266297205900549e-01 5.408653846153845990e+01 0.000000000000000000e+00
3.535610736180574420e-01 3.228733631280752414e-01 5.450721153846154010e+01 0.000000000000000000e+00
3.519089128726567983e-01 3.203898614797836553e-01 5.392628205128205110e+01 0.000000000000000000e+00
3.492654538307434220e-01 3.206369624688075182e-01 5.502804487179486870e+01 0.000000000000000000e+00
3.455097708946619495e-01 3.174939614075880656e-01 5.606971153846154010e+01 0.000000000000000000e+00
3.390456706285476796e-01 3.147203479057703035e-01 5.821314102564102200e+01 0.000000000000000000e+00
3.286797421100812189e-01 3.192782524304512148e-01 6.065705128205127750e+01 0.000000000000000000e+00
3.139124748034354817e-01 3.251235882441202985e-01 6.472355769230769340e+01 0.000000000000000000e+00
2.956661076881946792e-01 3.365588134680038701e-01 6.774839743589743080e+01 0.000000000000000000e+00
2.762420434218186838e-01 3.426976700623829974e-01 6.850961538461538680e+01 0.000000000000000000e+00
2.584933128876563679e-01 3.524829707084558006e-01 6.991185897435897800e+01 0.000000000000000000e+00
2.436820473426427602e-01 3.556699515917362553e-01 7.057291666666665719e+01 0.000000000000000000e+00
2.327630071685864444e-01 3.644138131386194246e-01 7.191506410256410220e+01 0.000000000000000000e+00
2.229341645271350203e-01 3.646632448220864520e-01 7.199519230769230660e+01 0.000000000000000000e+00
2.150093098481496157e-01 3.692092673900799760e-01 7.261618589743589780e+01 0.000000000000000000e+00
2.091540871904446486e-01 3.683306635954441410e-01 7.197516025641024839e+01 0.000000000000000000e+00
2.040992801388104849e-01 3.679241438706715717e-01 7.175480769230769340e+01 0.000000000000000000e+00
1.994497256401257523e-01 3.745082158308762899e-01 7.257612179487179560e+01 0.000000000000000000e+00
1.960651754186703566e-01 3.752732765980256180e-01 7.279647435897436480e+01 0.000000000000000000e+00
1.924508531124163868e-01 3.730516257958534365e-01 7.263621794871795601e+01 0.000000000000000000e+00
1.889835516611735045e-01 3.817191689442365754e-01 7.329727564102563520e+01 0.000000000000000000e+00
1.862394862450086064e-01 3.784878574884854574e-01 7.365785256410256920e+01 0.000000000000000000e+00
1.837255962766133899e-01 3.757782914699652199e-01 7.181490384615383959e+01 0.000000000000000000e+00
1.807868637717687244e-01 3.865224222342173444e-01 7.277644230769230660e+01 0.000000000000000000e+00
1.786089345430716402e-01 3.908766233004056234e-01 7.299679487179486159e+01 0.000000000000000000e+00
1.766887310987863835e-01 3.909046466533954156e-01 7.347756410256410220e+01 0.000000000000000000e+00
1.742036842000790064e-01 3.955899240114750248e-01 7.241586538461538680e+01 0.000000000000000000e+00
1.718669318617918607e-01 3.900618064097868820e-01 7.237580128205127039e+01 0.000000000000000000e+00
1.702726861605277364e-01 4.018008915277627713e-01 7.289663461538461320e+01 0.000000000000000000e+00
1.681927838768714489e-01 3.932864834100772145e-01 7.255608974358975161e+01 0.000000000000000000e+00
1.670949076803830979e-01 4.085124486531966914e-01 7.355769230769230660e+01 0.000000000000000000e+00
1.655321941161767008e-01 4.100470298375838984e-01 7.245592948717948900e+01 0.000000000000000000e+00
1.637058603075834395e-01 4.102362134517767434e-01 7.197516025641024839e+01 0.000000000000000000e+00
1.624728502371372285e-01 4.185053599186432938e-01 7.253605769230769340e+01 0.000000000000000000e+00
1.611421510959282766e-01 4.242181854370312699e-01 7.299679487179486159e+01 0.000000000000000000e+00
1.602253252879167200e-01 4.308843490404960508e-01 7.285657051282051100e+01 0.000000000000000000e+00
1.591879072288672203e-01 4.378005801103053707e-01 7.319711538461538680e+01 0.000000000000000000e+00
1.580458955887036332e-01 4.401097503992227322e-01 7.415865384615383959e+01 0.000000000000000000e+00
1.573275798215315879e-01 4.355062452646402127e-01 7.299679487179486159e+01 0.000000000000000000e+00
1.566568537591359611e-01 4.524291478670560140e-01 7.475961538461538680e+01 0.000000000000000000e+00
1.563661411404609625e-01 4.435216799760476336e-01 7.289663461538461320e+01 0.000000000000000000e+00
1.554967169196177779e-01 4.408639241487551930e-01 7.271634615384616041e+01 0.000000000000000000e+00
1.552478345158772588e-01 4.524035239830995203e-01 7.367788461538461320e+01 0.000000000000000000e+00
1.548012092327460398e-01 4.526610366809062369e-01 7.273637820512820440e+01 0.000000000000000000e+00
1.541802469163368883e-01 4.427601183072114588e-01 7.309695512820513841e+01 0.000000000000000000e+00
1.532566391886809043e-01 4.545083527381603705e-01 7.299679487179486159e+01 0.000000000000000000e+00
1.531627140748195171e-01 4.635403591852921834e-01 7.313701923076922640e+01 0.000000000000000000e+00
1.527237528409713385e-01 4.660476904649000773e-01 7.337740384615383959e+01 0.000000000000000000e+00
1.525118121160910778e-01 4.655526654842572221e-01 7.371794871794872961e+01 0.000000000000000000e+00
1.522424264596058674e-01 4.576110381346482625e-01 7.201522435897436480e+01 0.000000000000000000e+00
1.515930273976081322e-01 4.696363088412162656e-01 7.361778846153845279e+01 0.000000000000000000e+00
1.516044793411707170e-01 4.677985860751225355e-01 7.363782051282051100e+01 0.000000000000000000e+00
1.515466619760562350e-01 4.666727200532571063e-01 7.301682692307693401e+01 0.000000000000000000e+00
1.509796175437095878e-01 4.683341276951325516e-01 7.339743589743589780e+01 0.000000000000000000e+00
1.505123724349034242e-01 4.749791912543467887e-01 7.373798076923077360e+01 0.000000000000000000e+00
1.506457585936937515e-01 4.734659592310587750e-01 7.377804487179486159e+01 0.000000000000000000e+00
1.500004580960823952e-01 4.749800532292097199e-01 7.373798076923077360e+01 0.000000000000000000e+00
1.503345273244075242e-01 4.779605636229881660e-01 7.369791666666665719e+01 0.000000000000000000e+00
1.501426256046845265e-01 4.915250218831576090e-01 7.413862179487179560e+01 0.000000000000000000e+00
1.502833340412531027e-01 4.794365580265338433e-01 7.379807692307693401e+01 0.000000000000000000e+00
1.500222540627687284e-01 4.812943446330534836e-01 7.473958333333334281e+01 0.000000000000000000e+00
1.495108212607029197e-01 4.876801990545712728e-01 7.349759615384616041e+01 0.000000000000000000e+00
1.492363515190589240e-01 4.866126408943763360e-01 7.457932692307693401e+01 0.000000000000000000e+00
1.491300677641844152e-01 4.870325686075748783e-01 7.275641025641024839e+01 0.000000000000000000e+00
1.486470311880111750e-01 4.723449716201195137e-01 7.283653846153845279e+01 0.000000000000000000e+00
1.490899988091909101e-01 4.780022815251961932e-01 7.427884615384616041e+01 0.000000000000000000e+00
1.489912467698256138e-01 4.753219401225065588e-01 7.319711538461538680e+01 0.000000000000000000e+00
1.489716268120667986e-01 4.809689086217146525e-01 7.317708333333334281e+01 0.000000000000000000e+00
1.489347498577374695e-01 4.863560444269424687e-01 7.309695512820513841e+01 0.000000000000000000e+00
