# Train Loss, Validation Loss, Validation Error, Test Error
9.772156363524435729e-01 3.003081644956882013e-01 2.725360576923077005e+01 1.485376602564102733e+01
3.930062506265495914e-01 3.177997496647712583e-01 2.060296474358974450e+01 0.000000000000000000e+00
3.592473763248279495e-01 3.373375087976455688e-01 2.361778846153845990e+01 0.000000000000000000e+00
3.589686307973717350e-01 3.350811696205383550e-01 2.451923076923076650e+01 0.000000000000000000e+00
3.589378241818220183e-01 3.340676965621801608e-01 1.897035256410256210e+01 0.000000000000000000e+00
3.588869323275280521e-01 3.342075454883086105e-01 2.171474358974359120e+01 0.000000000000000000e+00
3.588144921104622354e-01 3.330962749627920383e-01 2.709334935897436125e+01 0.000000000000000000e+00
3.587921962263420639e-01 3.339723035311087385e-01 1.891025641025640880e+01 0.000000000000000000e+00
3.588373660000433452e-01 3.340939707480944376e-01 2.091346153846154010e+01 0.000000000000000000e+00
3.588183797696416488e-01 3.318897325258988729e-01 1.771834935897435770e+01 0.000000000000000000e+00
3.588369167447784114e-01 3.293132197398405681e-01 1.840945512820512775e+01 0.000000000000000000e+00
3.588416210708573750e-01 3.330552383111073378e-01 1.796875000000000000e+01 0.000000000000000000e+00
3.587954518958770267e-01 3.309793403515449151e-01 1.734775641025640880e+01 0.000000000000000000e+00
3.588305874115096938e-01 3.318263850150964256e-01 2.167467948717948900e+01 0.000000000000000000e+00
3.588035981993736301e-01 3.308867644041012523e-01 1.827924679487179560e+01 0.000000000000000000e+00
3.588215203931917063e-01 3.335946958798628459e-01 2.121394230769230660e+01 0.000000000000000000e+00
3.587728439720739848e-01 3.319765325540151579e-01 1.817908653846154010e+01 0.000000000000000000e+00
3.587769456598062234e-01 3.330630148068452479e-01 1.706730769230769340e+01 0.000000000000000000e+00
3.587702192513573807e-01 3.340441680107361089e-01 1.750801282051281760e+01 0.000000000000000000e+00
3.587783501506268125e-01 3.322496081774051202e-01 1.885016025641025550e+01 0.000000000000000000e+00
3.587784617618853811e-01 3.307386827774537186e-01 1.854967948717948900e+01 0.000000000000000000e+00
3.587564226842731574e-01 3.324705175100228782e-01 1.849959935897435770e+01 0.000000000000000000e+00
3.587544756454694173e-01 3.311196217934290753e-01 1.924078525641025550e+01 0.000000000000000000e+00
3.587807247261229349e-01 3.314219033106779455e-01 1.758814102564102555e+01 0.000000000000000000e+00
3.587487079766909503e-01 3.320345932092422236e-01 1.620592948717948900e+01 0.000000000000000000e+00
3.587528850896256061e-01 3.316382696995368584e-01 1.702724358974359120e+01 0.000000000000000000e+00
3.587177241431404040e-01 3.312975852153239864e-01 1.628605769230769340e+01 0.000000000000000000e+00
3.587379943713875363e-01 3.314987730521422038e-01 1.738782051282051100e+01 0.000000000000000000e+00
3.587594210962755104e-01 3.307574257636681780e-01 1.592548076923076827e+01 0.000000000000000000e+00
3.587983633988949816e-01 3.330292231761492472e-01 1.726762820512820440e+01 0.000000000000000000e+00
3.587399240283943858e-01 3.306182668759272691e-01 1.643629807692307665e+01 0.000000000000000000e+00
3.587509202526945051e-01 3.319731392921545510e-01 1.746794871794871540e+01 0.000000000000000000e+00
3.587333805277960752e-01 3.327397898985789415e-01 1.740785256410256210e+01 0.000000000000000000e+00
3.587460241023542329e-01 3.315712381631900074e-01 1.732772435897435770e+01 0.000000000000000000e+00
3.587235338612957403e-01 3.320089956888785943e-01 1.631610576923076650e+01 0.000000000000000000e+00
3.587276161896613691e-01 3.301751586871269351e-01 1.739783653846154010e+01 0.000000000000000000e+00
3.586814041673374032e-01 3.305350820987652538e-01 1.835937500000000000e+01 0.000000000000000000e+00
3.587077865778220409e-01 3.298814170635663290e-01 1.662660256410256210e+01 0.000000000000000000e+00
3.587173324455620871e-01 3.301064127530807246e-01 1.566506410256410220e+01 0.000000000000000000e+00
3.586835010504139665e-01 3.315245046829565778e-01 1.762820512820512775e+01 0.000000000000000000e+00
3.586671505387920011e-01 3.307624493653957831e-01 1.638621794871794890e+01 0.000000000000000000e+00
3.586847489662858823e-01 3.297659223660444616e-01 1.726762820512820440e+01 0.000000000000000000e+00
3.586435253808883949e-01 3.301316446218734990e-01 1.593549679487179560e+01 0.000000000000000000e+00
3.586853022347784581e-01 3.310968352433962814e-01 1.553485576923076827e+01 0.000000000000000000e+00
3.586951464379902199e-01 3.305604240069022759e-01 1.806891025641025550e+01 0.000000000000000000e+00
3.586431423221672632e-01 3.291689386734595879e-01 1.598557692307692157e+01 0.000000000000000000e+00
3.586411449420715547e-01 3.303263668830578315e-01 1.777844551282051100e+01 0.000000000000000000e+00
3.586675756468900578e-01 3.287273118129143135e-01 1.595552884615384670e+01 0.000000000000000000e+00
3.586677457872730623e-01 3.313937920790452352e-01 1.525440705128205110e+01 0.000000000000000000e+00
3.586726429090510981e-01 3.286649710856951456e-01 1.676682692307692335e+01 0.000000000000000000e+00
3.586751171956933937e-01 3.295148561398188458e-01 1.717748397435897445e+01 0.000000000000000000e+00
3.586508525195027386e-01 3.303882414713883997e-01 1.567508012820512953e+01 0.000000000000000000e+00
3.586758017123647391e-01 3.306318288430189489e-01 1.680689102564102555e+01 0.000000000000000000e+00
3.586240949258815425e-01 3.302661856779685601e-01 1.836939102564102555e+01 0.000000000000000000e+00
3.586018219052427014e-01 3.296938137366221544e-01 1.601562500000000000e+01 0.000000000000000000e+00
3.586111079133847412e-01 3.287156747701840409e-01 1.571514423076923173e+01 0.000000000000000000e+00
3.586634893980792382e-01 3.297379406598898166e-01 1.687700320512820440e+01 0.000000000000000000e+00
3.586393989214936018e-01 3.289272716412177666e-01 1.542467948717948723e+01 0.000000000000000000e+00
3.586076699258007316e-01 3.289279765807665568e-01 1.608573717948718240e+01 0.000000000000000000e+00
3.586077858044465771e-01 3.285366594791412354e-01 1.622596153846154010e+01 0.000000000000000000e+00
3.586209483349281912e-01 3.288545043040544402e-01 1.612580128205128460e+01 0.000000000000000000e+00
3.585684506593400100e-01 3.291224753245329260e-01 1.979166666666666430e+01 0.000000000000000000e+00
3.585942282457429409e-01 3.286961725889108177e-01 1.681690705128205110e+01 0.000000000000000000e+00
3.586147112188572406e-01 3.288658941403413416e-01 1.630608974358974450e+01 0.000000000000000000e+00
3.585648900277401130e-01 3.278851451782079929e-01 1.698717948717948900e+01 0.000000000000000000e+00
3.585879939052084575e-01 3.290421981842089894e-01 1.658653846153845990e+01 0.000000000000000000e+00
3.586554425281751057e-01 3.296050291794996867e-01 1.682692307692307665e+01 0.000000000000000000e+00
3.585340692222603876e-01 3.274206534410134539e-01 1.637620192307692335e+01 0.000000000000000000e+00
3.585949950570693767e-01 3.293538020971493729e-01 1.526442307692307843e+01 0.000000000000000000e+00
3.585682988028032203e-01 3.300081086464417557e-01 1.647636217948718240e+01 0.000000000000000000e+00
3.585700491948510815e-01 3.268071707242574675e-01 1.468349358974359120e+01 0.000000000000000000e+00
3.586147590968606358e-01 3.293619388953233362e-01 1.613581730769230660e+01 0.000000000000000000e+00
3.585761571097013101e-01 3.282351845350021113e-01 1.511418269230769340e+01 0.000000000000000000e+00
3.585577280335431882e-01 3.285964032014210834e-01 1.470352564102564230e+01 0.000000000000000000e+00
3.585626019102036710e-01 3.269487898319195507e-01 1.511418269230769340e+01 0.000000000000000000e+00
3.585827561557223819e-01 3.280315720118008871e-01 1.494391025641025550e+01 0.000000000000000000e+00
3.585441191621098755e-01 3.282784242660571339e-01 1.608573717948718240e+01 0.000000000000000000e+00
3.585305071335038729e-01 3.281446168055900947e-01 1.491386217948718063e+01 0.000000000000000000e+00
3.585317810700297536e-01 3.278920050614919646e-01 1.561498397435897267e+01 0.000000000000000000e+00
3.585485119342248783e-01 3.278475908132699734e-01 1.580528846153846168e+01 0.000000000000000000e+00
3.585719592843261139e-01 3.284868341990006546e-01 1.640625000000000000e+01 0.000000000000000000e+00
3.585808193170150204e-01 3.273534469115428336e-01 1.630608974358974450e+01 0.000000000000000000e+00
3.585473668519776336e-01 3.284633835920920952e-01 1.497395833333333393e+01 0.000000000000000000e+00
3.585416328712725531e-01 3.283081654554758089e-01 1.671674679487179560e+01 0.000000000000000000e+00
3.585137111829795331e-01 3.292629512456747287e-01 1.608573717948718240e+01 0.000000000000000000e+00
3.585972306128847320e-01 3.293951493807328323e-01 1.612580128205128460e+01 0.000000000000000000e+00
3.585152131298229294e-01 3.279847338413580671e-01 1.602564102564102555e+01 0.000000000000000000e+00
3.585105319100847510e-01 3.272115538517634259e-01 1.627604166666666430e+01 0.000000000000000000e+00
3.585399556493037432e-01 3.285858665521328437e-01 1.540464743589743613e+01 0.000000000000000000e+00
3.584944908013860121e-01 3.286420221512134088e-01 1.538461538461538503e+01 0.000000000000000000e+00
3.584921501568226754e-01 3.276351724679653632e-01 1.602564102564102555e+01 0.000000000000000000e+00
3.584947799081991127e-01 3.265994439522425519e-01 1.546474358974359120e+01 0.000000000000000000e+00
3.585274068940088044e-01 3.275375163707977544e-01 1.604567307692307665e+01 0.000000000000000000e+00
3.584958097709904368e-01 3.278273573288550957e-01 1.578525641025640880e+01 0.000000000000000000e+00
3.584844516514343882e-01 3.263461964252667435e-01 1.501402243589743613e+01 0.000000000000000000e+00
3.584514895889894803e-01 3.264437398085227593e-01 1.535456730769230660e+01 0.000000000000000000e+00
3.585256153893276454e-01 3.284448461654858598e-01 1.535456730769230660e+01 0.000000000000000000e+00
3.584922363025345726e-01 3.268210062613853828e-01 1.502403846153846168e+01 0.000000000000000000e+00
3.585129662636966641e-01 3.273335232948645368e-01 1.525440705128205110e+01 0.000000000000000000e+00
3.585218131819759568e-01 3.272017985582351685e-01 1.524439102564102733e+01 0.000000000000000000e+00
3.584701304038828140e-01 3.270337925507472154e-01 1.621594551282051100e+01 0.000000000000000000e+00
3.584793544828683842e-01 3.276814111532309060e-01 1.455328525641025550e+01 0.000000000000000000e+00
3.584844657025875736e-01 3.277941938394155486e-01 1.579527243589743613e+01 0.000000000000000000e+00
3.584764950558526064e-01 3.255442678928375244e-01 1.539463141025640880e+01 0.000000000000000000e+00
3.584573196726433819e-01 3.267589540053636443e-01 1.504407051282051277e+01 0.000000000000000000e+00
3.585356668210279429e-01 3.273050093497985591e-01 1.505408653846153832e+01 0.000000000000000000e+00
3.584424697200966348e-01 3.273993016053468597e-01 1.496394230769230660e+01 0.000000000000000000e+00
3.584634887533776348e-01 3.264660923144755977e-01 1.575520833333333393e+01 0.000000000000000000e+00
3.584260176585356006e-01 3.272358820988581773e-01 1.592548076923076827e+01 0.000000000000000000e+00
3.584901843484538664e-01 3.264508671485460978e-01 1.521434294871794890e+01 0.000000000000000000e+00
3.584707681180712147e-01 3.272612381439942708e-01 1.453325320512820440e+01 0.000000000000000000e+00
3.584549021457210105e-01 3.257468335139445670e-01 1.495392628205128283e+01 0.000000000000000000e+00
3.584385096888048072e-01 3.268955495112981779e-01 1.503405448717948723e+01 0.000000000000000000e+00
3.584295322856192456e-01 3.267463323397514219e-01 1.554487179487179560e+01 0.000000000000000000e+00
3.584514328292695562e-01 3.264431017331587692e-01 1.497395833333333393e+01 0.000000000000000000e+00
3.584759083074518515e-01 3.257172856575403230e-01 1.530448717948718063e+01 0.000000000000000000e+00
3.584436407189152685e-01 3.264591988080587370e-01 1.577524038461538503e+01 0.000000000000000000e+00
3.584591688390938446e-01 3.262652315390415780e-01 1.481370192307692157e+01 0.000000000000000000e+00
3.584495145172678643e-01 3.264217617420049899e-01 1.497395833333333393e+01 0.000000000000000000e+00
3.584262318952535775e-01 3.266557179964505453e-01 1.470352564102564230e+01 0.000000000000000000e+00
3.584484834748735693e-01 3.256569932668637035e-01 1.492387820512820440e+01 0.000000000000000000e+00
3.584874859025508620e-01 3.271188361522479049e-01 1.507411858974359120e+01 0.000000000000000000e+00
3.584237555269589870e-01 3.255420995828433028e-01 1.492387820512820440e+01 0.000000000000000000e+00
3.584484928076148158e-01 3.259498706230750664e-01 1.500400641025640880e+01 0.000000000000000000e+00
3.584058800315412796e-01 3.261862951211439987e-01 1.500400641025640880e+01 0.000000000000000000e+00
3.584491950183308906e-01 3.260944776045970328e-01 1.465344551282051277e+01 0.000000000000000000e+00
3.584443680482360395e-01 3.267608972696157688e-01 1.547475961538461497e+01 0.000000000000000000e+00
3.584517026461044864e-01 3.265611200760572541e-01 1.424278846153846168e+01 0.000000000000000000e+00
3.584422076400694546e-01 3.269040290361795442e-01 1.477363782051281937e+01 0.000000000000000000e+00
3.584398515912790018e-01 3.264926053010500651e-01 1.479366987179487047e+01 0.000000000000000000e+00
3.584200545919926650e-01 3.262078016996383667e-01 1.540464743589743613e+01 0.000000000000000000e+00
3.584345702311768078e-01 3.276341977791908389e-01 1.550480769230769340e+01 0.000000000000000000e+00
3.584317664189721753e-01 3.260296949973472969e-01 1.503405448717948723e+01 0.000000000000000000e+00
3.584448489446162567e-01 3.268339301531131280e-01 1.471354166666666607e+01 0.000000000000000000e+00
3.584567105117860142e-01 3.262894019866601214e-01 1.473357371794871717e+01 0.000000000000000000e+00
3.584238361909863890e-01 3.263522451504682897e-01 1.481370192307692157e+01 0.000000000000000000e+00
3.584196258410030644e-01 3.264293215977839835e-01 1.513421474358974450e+01 0.000000000000000000e+00
3.584504477566973213e-01 3.264602701633404491e-01 1.539463141025640880e+01 0.000000000000000000e+00
3.584100987428280871e-01 3.262721605789967172e-01 1.546474358974359120e+01 0.000000000000000000e+00
3.584486155557132792e-01 3.256530719689833542e-01 1.506410256410256387e+01 0.000000000000000000e+00
3.584183649841926056e-01 3.262521204275962705e-01 1.464342948717948723e+01 0.000000000000000000e+00
3.584021471085176436e-01 3.267096510300269707e-01 1.504407051282051277e+01 0.000000000000000000e+00
3.583766216449049136e-01 3.262834552771005647e-01 1.499399038461538503e+01 0.000000000000000000e+00
3.583921867838005815e-01 3.251373928326826701e-01 1.577524038461538503e+01 0.000000000000000000e+00
3.583666350913686238e-01 3.253146325930570959e-01 1.464342948717948723e+01 0.000000000000000000e+00
3.584306423961075572e-01 3.261803426803686623e-01 1.524439102564102733e+01 0.000000000000000000e+00
3.583856520608362239e-01 3.246587300911927820e-01 1.459334935897435770e+01 0.000000000000000000e+00
3.584069064249120751e-01 3.259172114806297427e-01 1.531450320512820440e+01 0.000000000000000000e+00
3.584299904226007638e-01 3.260911718392983660e-01 1.455328525641025550e+01 0.000000000000000000e+00
3.584591701574736389e-01 3.262671877940495624e-01 1.539463141025640880e+01 0.000000000000000000e+00
3.583880432548567363e-01 3.256974231738310466e-01 1.481370192307692157e+01 0.000000000000000000e+00
3.584070852041522093e-01 3.261427424657039054e-01 1.489383012820512953e+01 0.000000000000000000e+00
3.584102348828898665e-01 3.252690247236154075e-01 1.511418269230769340e+01 0.000000000000000000e+00
3.583936881755366843e-01 3.259742733759757871e-01 1.433293269230769340e+01 0.000000000000000000e+00
3.583710620719701145e-01 3.248033783374688621e-01 1.405248397435897267e+01 0.000000000000000000e+00
3.584031812733904365e-01 3.257929969292420735e-01 1.459334935897435770e+01 0.000000000000000000e+00
3.584322740645847216e-01 3.256167864952331792e-01 1.438301282051281937e+01 0.000000000000000000e+00
3.583937346657718459e-01 3.255876019979134783e-01 1.445312500000000000e+01 0.000000000000000000e+00
3.584071912296437068e-01 3.259245279507759219e-01 1.462339743589743613e+01 0.000000000000000000e+00
3.583638137238960852e-01 3.263812370789356820e-01 1.563501602564102733e+01 0.000000000000000000e+00
3.583941810067235445e-01 3.257201191706535215e-01 1.413261217948718063e+01 0.000000000000000000e+00
3.584029026442273613e-01 3.256183576125364909e-01 1.455328525641025550e+01 0.000000000000000000e+00
3.583336391673793142e-01 3.246495609100048529e-01 1.442307692307692157e+01 0.000000000000000000e+00
3.583459276467457766e-01 3.259839052573228479e-01 1.499399038461538503e+01 0.000000000000000000e+00
3.584153054756946122e-01 3.258142612683467276e-01 1.475360576923076827e+01 0.000000000000000000e+00
3.583635792604564219e-01 3.251296178652690050e-01 1.512419871794871717e+01 0.000000000000000000e+00
3.583564092865922923e-01 3.253335689122860419e-01 1.518429487179487047e+01 0.000000000000000000e+00
3.583764888007926475e-01 3.259523335175636416e-01 1.471354166666666607e+01 0.000000000000000000e+00
3.583507698822909759e-01 3.240299885853742956e-01 1.476362179487179560e+01 0.000000000000000000e+00
3.583854324465164387e-01 3.252677260301051754e-01 1.480368589743589780e+01 0.000000000000000000e+00
3.583784735175034042e-01 3.255832137969824069e-01 1.446314102564102733e+01 0.000000000000000000e+00
3.583903128456875087e-01 3.258622357478508369e-01 1.468349358974359120e+01 0.000000000000000000e+00
3.583925782038252517e-01 3.252549018615331633e-01 1.514423076923076827e+01 0.000000000000000000e+00
3.583770965738818370e-01 3.256557912398607146e-01 1.456330128205128283e+01 0.000000000000000000e+00
3.583678713152932960e-01 3.259019003464625475e-01 1.479366987179487047e+01 0.000000000000000000e+00
3.583637256006145244e-01 3.250093540320029839e-01 1.457331730769230660e+01 0.000000000000000000e+00
3.584400111499293495e-01 3.254032207605166427e-01 1.444310897435897267e+01 0.000000000000000000e+00
3.583834411032125189e-01 3.254654438067705047e-01 1.436298076923076827e+01 0.000000000000000000e+00
3.583389168845899642e-01 3.255139402089974876e-01 1.469350961538461497e+01 0.000000000000000000e+00
3.583461874369553435e-01 3.248806454432316415e-01 1.582532051282051277e+01 0.000000000000000000e+00
3.583780636401615038e-01 3.256406642687626474e-01 1.511418269230769340e+01 0.000000000000000000e+00
3.583399546229659172e-01 3.245497303895460983e-01 1.515424679487179560e+01 0.000000000000000000e+00
3.583298321375330553e-01 3.247400086659651408e-01 1.394230769230769340e+01 0.000000000000000000e+00
3.583023422533197500e-01 3.250946647081619512e-01 1.509415064102564230e+01 0.000000000000000000e+00
3.584017498598665030e-01 3.252613823383282421e-01 1.459334935897435770e+01 0.000000000000000000e+00
3.583969565431508464e-01 3.252588395888988959e-01 1.465344551282051277e+01 0.000000000000000000e+00
3.583247217851689981e-01 3.252694495977499489e-01 1.452323717948718063e+01 0.000000000000000000e+00
3.583716841043776413e-01 3.255306486135873811e-01 1.483373397435897267e+01 0.000000000000000000e+00
3.583157872640212460e-01 3.247783730427424298e-01 1.451322115384615330e+01 0.000000000000000000e+00
3.583417444276310038e-01 3.247514974612455974e-01 1.459334935897435770e+01 0.000000000000000000e+00
3.583493279564228251e-01 3.257785122363995312e-01 1.461338141025640880e+01 0.000000000000000000e+00
3.583737329359798496e-01 3.250695952238180642e-01 1.490384615384615330e+01 0.000000000000000000e+00
3.583409081931996920e-01 3.251050087885978823e-01 1.428285256410256387e+01 0.000000000000000000e+00
3.583868183759371662e-01 3.256267175460473284e-01 1.473357371794871717e+01 0.000000000000000000e+00
3.583644153561109102e-01 3.254756117478395105e-01 1.446314102564102733e+01 0.000000000000000000e+00
3.583477810458892687e-01 3.250007854822354325e-01 1.455328525641025550e+01 0.000000000000000000e+00
3.583749694374581685e-01 3.254673320513505330e-01 1.417267628205128283e+01 0.000000000000000000e+00
3.584115742179928565e-01 3.257546245287626374e-01 1.425280448717948723e+01 0.000000000000000000e+00
3.583553569072616685e-01 3.253012895584106445e-01 1.509415064102564230e+01 0.000000000000000000e+00
3.583412180471475805e-01 3.250967172475961453e-01 1.463341346153846168e+01 0.000000000000000000e+00
