# Epoch, LR, Training Loss, Validation Loss, Validation Error, Best Epoch, Best Validation Error, Test Loss, Test Error
1.000000000000000000e+00 5.000000000000000104e-03 6.203802092046272199e-01 3.418707331785789116e-01 2.768429487179487225e+01 1.000000000000000000e+00 2.768429487179487225e+01 3.422616177644485225e-01 2.818509615384615685e+01
2.000000000000000000e+00 4.774962930107180294e-03 3.594499401203015698e-01 3.430542139670787471e-01 3.448517628205128460e+01 1.000000000000000000e+00 2.768429487179487225e+01 3.422616177644485225e-01 2.818509615384615685e+01
3.000000000000000000e+00 4.560054196779549270e-03 3.592706760982187775e-01 3.410772459629254350e-01 3.504607371794871540e+01 1.000000000000000000e+00 2.768429487179487225e+01 3.422616177644485225e-01 2.818509615384615685e+01
4.000000000000000000e+00 4.354817949780404041e-03 3.593389476217874745e-01 3.426530353533915885e-01 3.793068910256410220e+01 1.000000000000000000e+00 2.768429487179487225e+01 3.422616177644485225e-01 2.818509615384615685e+01
5.000000000000000000e+00 4.158818855513356227e-03 3.594112965391903503e-01 3.445328118709417575e-01 4.656450320512820440e+01 1.000000000000000000e+00 2.768429487179487225e+01 3.422616177644485225e-01 2.818509615384615685e+01
6.000000000000000000e+00 3.971641173621408630e-03 3.595022079421252847e-01 3.469055115412443269e-01 3.739983974358974450e+01 1.000000000000000000e+00 2.768429487179487225e+01 3.422616177644485225e-01 2.818509615384615685e+01
7.000000000000000000e+00 3.792887875145920136e-03 3.595660197298701233e-01 3.457982444610351314e-01 4.244791666666667140e+01 1.000000000000000000e+00 2.768429487179487225e+01 3.422616177644485225e-01 2.818509615384615685e+01
8.000000000000000000e+00 3.622179800374951755e-03 3.596544321717285442e-01 3.461140646384312514e-01 4.397035256410256920e+01 1.000000000000000000e+00 2.768429487179487225e+01 3.422616177644485225e-01 2.818509615384615685e+01
9.000000000000000000e+00 3.459154854594683956e-03 3.596722328081363718e-01 3.475777476261823762e-01 4.071514423076922640e+01 1.000000000000000000e+00 2.768429487179487225e+01 3.422616177644485225e-01 2.818509615384615685e+01
1.000000000000000000e+01 3.303467240037981714e-03 3.597286965061978758e-01 3.483832765084046712e-01 4.078525641025640880e+01 1.000000000000000000e+00 2.768429487179487225e+01 3.422616177644485225e-01 2.818509615384615685e+01
1.100000000000000000e+01 3.154786722400968173e-03 3.597500752385069944e-01 3.471799580714641231e-01 5.095152243589743080e+01 1.000000000000000000e+00 2.768429487179487225e+01 3.422616177644485225e-01 2.818509615384615685e+01
1.200000000000000000e+01 3.012797930371790677e-03 3.597469990573278209e-01 3.550421610856667742e-01 8.567708333333334281e+01 1.000000000000000000e+00 2.768429487179487225e+01 3.422616177644485225e-01 2.818509615384615685e+01
1.300000000000000000e+01 2.877199686685786781e-03 3.597945856611903248e-01 3.519636449905542142e-01 6.347155448717948190e+01 1.000000000000000000e+00 2.768429487179487225e+01 3.422616177644485225e-01 2.818509615384615685e+01
1.400000000000000000e+01 2.747704369288124938e-03 3.598107164225927135e-01 3.461068711983851798e-01 4.492187500000000000e+01 1.000000000000000000e+00 2.768429487179487225e+01 3.422616177644485225e-01 2.818509615384615685e+01
1.500000000000000000e+01 2.624037301248865334e-03 3.598259395215569478e-01 3.501934944055019039e-01 5.405649038461538680e+01 1.000000000000000000e+00 2.768429487179487225e+01 3.422616177644485225e-01 2.818509615384615685e+01
1.600000000000000000e+01 2.505936168136363613e-03 3.598150481538074930e-01 3.510472885309121605e-01 4.299879807692308020e+01 1.000000000000000000e+00 2.768429487179487225e+01 3.422616177644485225e-01 2.818509615384615685e+01
1.700000000000000000e+01 2.393150461613193988e-03 3.598043430869172221e-01 3.493681809841058250e-01 5.449719551282051810e+01 1.000000000000000000e+00 2.768429487179487225e+01 3.422616177644485225e-01 2.818509615384615685e+01
1.800000000000000000e+01 2.285440948074377379e-03 3.598008873259149198e-01 3.528033949625797860e-01 6.173878205128205110e+01 1.000000000000000000e+00 2.768429487179487225e+01 3.422616177644485225e-01 2.818509615384615685e+01
1.900000000000000000e+01 2.182579161200832226e-03 3.598143174880888417e-01 3.493174482614566090e-01 5.024038461538461320e+01 1.000000000000000000e+00 2.768429487179487225e+01 3.422616177644485225e-01 2.818509615384615685e+01
2.000000000000000000e+01 2.084346917351679370e-03 3.598184440194106548e-01 3.486244712884609687e-01 4.829727564102563520e+01 1.000000000000000000e+00 2.768429487179487225e+01 3.422616177644485225e-01 2.818509615384615685e+01
2.100000000000000000e+01 1.990535852767488442e-03 3.598060638439364300e-01 3.492195082780642501e-01 4.159655448717948900e+01 1.000000000000000000e+00 2.768429487179487225e+01 3.422616177644485225e-01 2.818509615384615685e+01
2.200000000000000000e+01 1.900946981602808080e-03 3.597924710773839907e-01 3.485541530908682351e-01 5.833333333333333570e+01 1.000000000000000000e+00 2.768429487179487225e+01 3.422616177644485225e-01 2.818509615384615685e+01
2.300000000000000000e+01 1.815390273850508735e-03 3.597967732970307475e-01 3.493883972748731970e-01 5.632011217948718240e+01 1.000000000000000000e+00 2.768429487179487225e+01 3.422616177644485225e-01 2.818509615384615685e+01
2.400000000000000000e+01 1.733684252262660290e-03 3.598048321357587565e-01 3.527820446552374367e-01 5.877403846153845990e+01 1.000000000000000000e+00 2.768429487179487225e+01 3.422616177644485225e-01 2.818509615384615685e+01
2.500000000000000000e+01 1.655655607412957623e-03 3.597777604329877033e-01 3.501996069382398713e-01 4.149639423076922640e+01 1.000000000000000000e+00 2.768429487179487225e+01 3.422616177644485225e-01 2.818509615384615685e+01
2.600000000000000000e+01 1.581138830084191866e-03 3.597558371904419627e-01 3.538793260470414759e-01 5.796274038461538680e+01 1.000000000000000000e+00 2.768429487179487225e+01 3.422616177644485225e-01 2.818509615384615685e+01
2.700000000000000000e+01 1.509975860201010238e-03 3.597420856720063842e-01 3.482782840728759766e-01 4.444110576923077360e+01 1.000000000000000000e+00 2.768429487179487225e+01 3.422616177644485225e-01 2.818509615384615685e+01
2.800000000000000000e+01 1.442015751563305130e-03 3.597602259822008097e-01 3.511093866366606364e-01 6.223958333333333570e+01 1.000000000000000000e+00 2.768429487179487225e+01 3.422616177644485225e-01 2.818509615384615685e+01
2.900000000000000000e+01 1.377114351669085374e-03 3.597137995609422934e-01 3.457947526222620027e-01 3.712940705128205110e+01 1.000000000000000000e+00 2.768429487179487225e+01 3.422616177644485225e-01 2.818509615384615685e+01
3.000000000000000000e+01 1.315133995947693037e-03 3.596771014172856495e-01 3.518097645197159062e-01 4.865785256410256920e+01 1.000000000000000000e+00 2.768429487179487225e+01 3.422616177644485225e-01 2.818509615384615685e+01
3.100000000000000000e+01 1.255943215754792104e-03 3.597015564034624635e-01 3.492887134735400689e-01 4.193709935897436480e+01 1.000000000000000000e+00 2.768429487179487225e+01 3.422616177644485225e-01 2.818509615384615685e+01
3.200000000000000000e+01 1.199416459509747334e-03 3.596265778308961325e-01 3.468322914380293498e-01 3.876201923076922640e+01 1.000000000000000000e+00 2.768429487179487225e+01 3.422616177644485225e-01 2.818509615384615685e+01
3.300000000000000000e+01 1.145433826383888574e-03 3.596486795966218342e-01 3.480241489716065506e-01 3.128004807692307665e+01 1.000000000000000000e+00 2.768429487179487225e+01 3.422616177644485225e-01 2.818509615384615685e+01
3.400000000000000000e+01 1.093880811974778195e-03 3.595929122552639079e-01 3.461638463613314620e-01 3.703926282051281760e+01 1.000000000000000000e+00 2.768429487179487225e+01 3.422616177644485225e-01 2.818509615384615685e+01
3.500000000000000000e+01 1.044648065427021674e-03 3.596317763735608630e-01 3.460420767466227399e-01 2.824519230769230660e+01 1.000000000000000000e+00 2.768429487179487225e+01 3.422616177644485225e-01 2.818509615384615685e+01
3.600000000000000000e+01 9.976311574844416285e-04 3.595732622757190633e-01 3.458144328533074852e-01 3.119991987179487225e+01 1.000000000000000000e+00 2.768429487179487225e+01 3.422616177644485225e-01 2.818509615384615685e+01
3.700000000000000000e+01 9.527303589816253984e-04 3.595669868515758982e-01 3.451587183353228561e-01 3.277243589743589780e+01 1.000000000000000000e+00 2.768429487179487225e+01 3.422616177644485225e-01 2.818509615384615685e+01
3.800000000000000000e+01 9.098504293049934893e-04 3.595213343457477895e-01 3.447669465572406056e-01 2.781450320512820440e+01 1.000000000000000000e+00 2.768429487179487225e+01 3.422616177644485225e-01 2.818509615384615685e+01
3.900000000000000000e+01 8.689004143746894334e-04 3.594827903480064535e-01 3.441879500945408954e-01 3.690905448717948900e+01 1.000000000000000000e+00 2.768429487179487225e+01 3.422616177644485225e-01 2.818509615384615685e+01
4.000000000000000000e+01 8.297934537187819483e-04 3.594977262543468943e-01 3.541537538552895770e-01 6.110777243589743080e+01 1.000000000000000000e+00 2.768429487179487225e+01 3.422616177644485225e-01 2.818509615384615685e+01
4.100000000000000000e+01 7.924465962305583420e-04 3.594436915182485648e-01 3.462435599320974333e-01 3.268229166666667140e+01 1.000000000000000000e+00 2.768429487179487225e+01 3.422616177644485225e-01 2.818509615384615685e+01
4.200000000000000000e+01 7.567806242181056731e-04 3.593771568885663625e-01 3.493112318026713736e-01 5.209334935897436480e+01 1.000000000000000000e+00 2.768429487179487225e+01 3.422616177644485225e-01 2.818509615384615685e+01
4.300000000000000000e+01 7.227198853729652943e-04 3.593666642904281838e-01 3.422594486902921784e-01 2.843549679487179560e+01 1.000000000000000000e+00 2.768429487179487225e+01 3.422616177644485225e-01 2.818509615384615685e+01
4.400000000000000000e+01 6.901921323014439513e-04 3.593463837373547243e-01 3.443768983468031286e-01 2.852564102564102555e+01 1.000000000000000000e+00 2.768429487179487225e+01 3.422616177644485225e-01 2.818509615384615685e+01
4.500000000000000000e+01 6.591283692782050558e-04 3.592733769882016093e-01 3.438627452422410857e-01 3.223157051282051100e+01 1.000000000000000000e+00 2.768429487179487225e+01 3.422616177644485225e-01 2.818509615384615685e+01
4.600000000000000000e+01 6.294627058970850460e-04 3.592503337598428326e-01 3.426635991304348705e-01 3.284254807692308020e+01 1.000000000000000000e+00 2.768429487179487225e+01 3.422616177644485225e-01 2.818509615384615685e+01
4.700000000000000000e+01 6.011322173087079107e-04 3.591509229526287372e-01 3.451000730960797069e-01 4.337940705128205110e+01 1.000000000000000000e+00 2.768429487179487225e+01 3.422616177644485225e-01 2.818509615384615685e+01
4.800000000000000000e+01 5.740768107484427434e-04 3.590733718581315959e-01 3.460221535120254766e-01 4.891826923076922640e+01 1.000000000000000000e+00 2.768429487179487225e+01 3.422616177644485225e-01 2.818509615384615685e+01
4.900000000000000000e+01 5.482390980715938760e-04 3.590132825258301463e-01 3.438960921305876384e-01 4.106570512820512420e+01 1.000000000000000000e+00 2.768429487179487225e+01 3.422616177644485225e-01 2.818509615384615685e+01
5.000000000000000000e+01 5.235642740254511105e-04 3.589308822300376067e-01 3.455002831342892655e-01 4.626402243589743080e+01 1.000000000000000000e+00 2.768429487179487225e+01 3.422616177644485225e-01 2.818509615384615685e+01
5.100000000000000000e+01 5.000000000000013115e-04 3.587710388549944507e-01 3.406240936273183806e-01 3.204126602564102200e+01 1.000000000000000000e+00 2.768429487179487225e+01 3.422616177644485225e-01 2.818509615384615685e+01
5.200000000000000000e+01 4.774962930107192545e-04 3.586578247023791688e-01 3.429028063248365510e-01 5.278445512820513130e+01 1.000000000000000000e+00 2.768429487179487225e+01 3.422616177644485225e-01 2.818509615384615685e+01
5.300000000000000000e+01 4.560054196779561196e-04 3.585282654297061167e-01 3.402671237022448780e-01 4.936899038461538680e+01 1.000000000000000000e+00 2.768429487179487225e+01 3.422616177644485225e-01 2.818509615384615685e+01
5.400000000000000000e+01 4.354817949780415533e-04 3.583933566401644177e-01 3.404239695041607616e-01 5.025040064102563520e+01 1.000000000000000000e+00 2.768429487179487225e+01 3.422616177644485225e-01 2.818509615384615685e+01
5.500000000000000000e+01 4.158818855513366853e-04 3.581893726093013375e-01 3.401489670460040582e-01 4.921875000000000000e+01 1.000000000000000000e+00 2.768429487179487225e+01 3.422616177644485225e-01 2.818509615384615685e+01
5.600000000000000000e+01 3.971641173621419038e-04 3.579330231358365255e-01 3.408368329207102643e-01 5.226362179487179560e+01 1.000000000000000000e+00 2.768429487179487225e+01 3.422616177644485225e-01 2.818509615384615685e+01
5.700000000000000000e+01 3.792887875145930111e-04 3.577664796899004407e-01 3.404498768922610275e-01 5.289463141025640880e+01 1.000000000000000000e+00 2.768429487179487225e+01 3.422616177644485225e-01 2.818509615384615685e+01
5.800000000000000000e+01 3.622179800374961079e-04 3.573881639213096761e-01 3.408199220131605256e-01 6.041666666666666430e+01 1.000000000000000000e+00 2.768429487179487225e+01 3.422616177644485225e-01 2.818509615384615685e+01
5.900000000000000000e+01 3.459154854594693063e-04 3.570630077908678590e-01 3.417603633342645164e-01 6.444310897435897800e+01 1.000000000000000000e+00 2.768429487179487225e+01 3.422616177644485225e-01 2.818509615384615685e+01
6.000000000000000000e+01 3.303467240037990496e-04 3.566247807770240863e-01 3.409305291298108109e-01 6.112780448717948190e+01 1.000000000000000000e+00 2.768429487179487225e+01 3.422616177644485225e-01 2.818509615384615685e+01
6.100000000000000000e+01 3.154786722400976305e-04 3.562086828598162169e-01 3.407202259852336046e-01 6.100761217948718240e+01 1.000000000000000000e+00 2.768429487179487225e+01 3.422616177644485225e-01 2.818509615384615685e+01
6.200000000000000000e+01 3.012797930371798700e-04 3.554244444864552155e-01 3.417171178719936031e-01 6.649639423076922640e+01 1.000000000000000000e+00 2.768429487179487225e+01 3.422616177644485225e-01 2.818509615384615685e+01
6.300000000000000000e+01 2.877199686685794045e-04 3.548619390260882578e-01 3.425404452360593099e-01 7.203525641025640880e+01 1.000000000000000000e+00 2.768429487179487225e+01 3.422616177644485225e-01 2.818509615384615685e+01
6.400000000000000000e+01 2.747704369288131985e-04 3.540827578887706939e-01 3.374158965471463212e-01 6.381209935897436480e+01 1.000000000000000000e+00 2.768429487179487225e+01 3.422616177644485225e-01 2.818509615384615685e+01
6.500000000000000000e+01 2.624037301248871730e-04 3.533298117358509849e-01 3.381357254126133305e-01 6.936097756410256920e+01 1.000000000000000000e+00 2.768429487179487225e+01 3.422616177644485225e-01 2.818509615384615685e+01
6.600000000000000000e+01 2.505936168136369685e-04 3.525214575412796703e-01 3.429122735292483570e-01 7.042267628205127039e+01 1.000000000000000000e+00 2.768429487179487225e+01 3.422616177644485225e-01 2.818509615384615685e+01
6.700000000000000000e+01 2.393150461613199735e-04 3.514220261719168681e-01 3.403400224752915482e-01 6.909054487179486159e+01 1.000000000000000000e+00 2.768429487179487225e+01 3.422616177644485225e-01 2.818509615384615685e+01
6.800000000000000000e+01 2.285440948074382800e-04 3.505461997375255434e-01 3.452703750286346684e-01 7.692307692307693401e+01 1.000000000000000000e+00 2.768429487179487225e+01 3.422616177644485225e-01 2.818509615384615685e+01
6.900000000000000000e+01 2.182579161200837322e-04 3.491198432881657543e-01 3.528909224730271688e-01 8.540665064102563520e+01 1.000000000000000000e+00 2.768429487179487225e+01 3.422616177644485225e-01 2.818509615384615685e+01
7.000000000000000000e+01 2.084346917351684303e-04 3.485305865363376721e-01 3.470699309538572419e-01 7.900641025641024839e+01 1.000000000000000000e+00 2.768429487179487225e+01 3.422616177644485225e-01 2.818509615384615685e+01
7.100000000000000000e+01 1.990535852767493267e-04 3.476503926806333578e-01 3.539663381301439982e-01 7.622195512820513841e+01 1.000000000000000000e+00 2.768429487179487225e+01 3.422616177644485225e-01 2.818509615384615685e+01
7.200000000000000000e+01 1.900946981602812688e-04 3.464775048378037070e-01 3.492663265802921635e-01 7.516025641025640880e+01 1.000000000000000000e+00 2.768429487179487225e+01 3.422616177644485225e-01 2.818509615384615685e+01
7.300000000000000000e+01 1.815390273850513235e-04 3.453021005886356964e-01 3.459787693543311948e-01 7.335737179487179560e+01 1.000000000000000000e+00 2.768429487179487225e+01 3.422616177644485225e-01 2.818509615384615685e+01
7.400000000000000000e+01 1.733684252262664410e-04 3.443721027635946452e-01 3.524977457829011063e-01 7.978766025641024839e+01 1.000000000000000000e+00 2.768429487179487225e+01 3.422616177644485225e-01 2.818509615384615685e+01
7.500000000000000000e+01 1.655655607412961472e-04 3.432484825936759631e-01 3.516807487377753838e-01 8.099959935897436480e+01 1.000000000000000000e+00 2.768429487179487225e+01 3.422616177644485225e-01 2.818509615384615685e+01
7.600000000000000000e+01 1.581138830084195389e-04 3.420354563288572347e-01 3.592280008089848153e-01 7.587139423076922640e+01 1.000000000000000000e+00 2.768429487179487225e+01 3.422616177644485225e-01 2.818509615384615685e+01
7.700000000000000000e+01 1.509975860201013599e-04 3.409102066987898527e-01 3.624444741469163289e-01 8.248197115384616041e+01 1.000000000000000000e+00 2.768429487179487225e+01 3.422616177644485225e-01 2.818509615384615685e+01
7.800000000000000000e+01 1.442015751563308166e-04 3.400649587555629183e-01 3.578276649499551043e-01 7.802483974358975161e+01 1.000000000000000000e+00 2.768429487179487225e+01 3.422616177644485225e-01 2.818509615384615685e+01
7.900000000000000000e+01 1.377114351669088247e-04 3.393642426263995260e-01 3.512512884843043692e-01 8.017828525641024839e+01 1.000000000000000000e+00 2.768429487179487225e+01 3.422616177644485225e-01 2.818509615384615685e+01
8.000000000000000000e+01 1.315133995947695856e-04 3.380209513553759093e-01 3.733140039138304611e-01 8.485576923076922640e+01 1.000000000000000000e+00 2.768429487179487225e+01 3.422616177644485225e-01 2.818509615384615685e+01
8.100000000000000000e+01 1.255943215754794923e-04 3.371281998913462363e-01 3.870824239192864891e-01 8.209134615384616041e+01 1.000000000000000000e+00 2.768429487179487225e+01 3.422616177644485225e-01 2.818509615384615685e+01
8.200000000000000000e+01 1.199416459509749963e-04 3.366797861529559621e-01 3.610984102273598895e-01 7.788461538461538680e+01 1.000000000000000000e+00 2.768429487179487225e+01 3.422616177644485225e-01 2.818509615384615685e+01
8.300000000000000000e+01 1.145433826383891041e-04 3.349723027973640077e-01 3.588868910685563685e-01 7.843549679487179560e+01 1.000000000000000000e+00 2.768429487179487225e+01 3.422616177644485225e-01 2.818509615384615685e+01
8.400000000000000000e+01 1.093880811974780662e-04 3.341699771037915934e-01 3.537374062415881149e-01 7.826522435897436480e+01 1.000000000000000000e+00 2.768429487179487225e+01 3.422616177644485225e-01 2.818509615384615685e+01
8.500000000000000000e+01 1.044648065427023978e-04 3.336827406069127755e-01 3.581609038206247098e-01 7.881610576923077360e+01 1.000000000000000000e+00 2.768429487179487225e+01 3.422616177644485225e-01 2.818509615384615685e+01
8.600000000000000000e+01 9.976311574844438511e-05 3.326361405413325034e-01 3.871634694246145481e-01 8.477564102564102200e+01 1.000000000000000000e+00 2.768429487179487225e+01 3.422616177644485225e-01 2.818509615384615685e+01
8.700000000000000000e+01 9.527303589816274584e-05 3.316308957047578998e-01 3.666926087477268559e-01 8.126001602564102200e+01 1.000000000000000000e+00 2.768429487179487225e+01 3.422616177644485225e-01 2.818509615384615685e+01
8.800000000000000000e+01 9.098504293049955222e-05 3.311221254308049367e-01 3.604829231133827583e-01 8.209134615384616041e+01 1.000000000000000000e+00 2.768429487179487225e+01 3.422616177644485225e-01 2.818509615384615685e+01
8.900000000000000000e+01 8.689004143746914121e-05 3.300804825090780659e-01 4.271632199868177771e-01 8.809094551282051100e+01 1.000000000000000000e+00 2.768429487179487225e+01 3.422616177644485225e-01 2.818509615384615685e+01
9.000000000000000000e+01 8.297934537187838728e-05 3.290534599525172799e-01 3.826727381883523460e-01 8.478565705128204399e+01 1.000000000000000000e+00 2.768429487179487225e+01 3.422616177644485225e-01 2.818509615384615685e+01
9.100000000000000000e+01 7.924465962305602123e-05 3.285573204116123414e-01 3.660818835099537982e-01 8.229166666666665719e+01 1.000000000000000000e+00 2.768429487179487225e+01 3.422616177644485225e-01 2.818509615384615685e+01
9.200000000000000000e+01 7.567806242181073808e-05 3.272223945797943512e-01 4.090428990431321243e-01 8.818108974358975161e+01 1.000000000000000000e+00 2.768429487179487225e+01 3.422616177644485225e-01 2.818509615384615685e+01
9.300000000000000000e+01 7.227198853729669748e-05 3.264212858386156269e-01 3.699136521571722014e-01 8.136017628205127039e+01 1.000000000000000000e+00 2.768429487179487225e+01 3.422616177644485225e-01 2.818509615384615685e+01
9.400000000000000000e+01 6.901921323014455776e-05 3.262772404566043893e-01 3.859924360727652326e-01 8.301282051282051100e+01 1.000000000000000000e+00 2.768429487179487225e+01 3.422616177644485225e-01 2.818509615384615685e+01
9.500000000000000000e+01 6.591283692782065465e-05 3.259555399417877197e-01 3.693154920370150807e-01 7.960737179487179560e+01 1.000000000000000000e+00 2.768429487179487225e+01 3.422616177644485225e-01 2.818509615384615685e+01
9.600000000000000000e+01 6.294627058970865639e-05 3.251394850451772012e-01 4.313506900500028718e-01 8.545673076923077360e+01 1.000000000000000000e+00 2.768429487179487225e+01 3.422616177644485225e-01 2.818509615384615685e+01
9.700000000000000000e+01 6.011322173087093338e-05 3.245059525094381447e-01 4.011060656645359379e-01 8.487580128205127039e+01 1.000000000000000000e+00 2.768429487179487225e+01 3.422616177644485225e-01 2.818509615384615685e+01
9.800000000000000000e+01 5.740768107484441800e-05 3.246093919364417268e-01 3.777005118437302689e-01 8.017828525641024839e+01 1.000000000000000000e+00 2.768429487179487225e+01 3.422616177644485225e-01 2.818509615384615685e+01
9.900000000000000000e+01 5.482390980715952177e-05 3.233108089464466484e-01 3.862962726599130647e-01 8.211137820512820440e+01 1.000000000000000000e+00 2.768429487179487225e+01 3.422616177644485225e-01 2.818509615384615685e+01
1.000000000000000000e+02 5.235642740254523844e-05 3.236085138669828054e-01 3.651795704395343067e-01 7.992788461538461320e+01 1.000000000000000000e+00 2.768429487179487225e+01 3.422616177644485225e-01 2.818509615384615685e+01
1.010000000000000000e+02 5.000000000000025312e-05 3.221314611958294161e-01 3.734566638102898017e-01 7.814503205128204399e+01 1.000000000000000000e+00 2.768429487179487225e+01 3.422616177644485225e-01 2.818509615384615685e+01
1.020000000000000000e+02 4.774962930107204065e-05 3.224936330463827883e-01 3.653994638186234822e-01 7.850560897435897800e+01 1.000000000000000000e+00 2.768429487179487225e+01 3.422616177644485225e-01 2.818509615384615685e+01
1.030000000000000000e+02 4.560054196779571902e-05 3.211255136786437814e-01 3.800345036463859683e-01 8.064903846153845279e+01 1.000000000000000000e+00 2.768429487179487225e+01 3.422616177644485225e-01 2.818509615384615685e+01
1.040000000000000000e+02 4.354817949780425833e-05 3.198086450012718740e-01 3.862612266571093800e-01 8.332331730769230660e+01 1.000000000000000000e+00 2.768429487179487225e+01 3.422616177644485225e-01 2.818509615384615685e+01
1.050000000000000000e+02 4.158818855513376881e-05 3.197201906907849445e-01 4.046749270115143071e-01 8.504607371794872961e+01 1.000000000000000000e+00 2.768429487179487225e+01 3.422616177644485225e-01 2.818509615384615685e+01
1.060000000000000000e+02 3.971641173621428660e-05 3.207712243242961669e-01 3.864699720572202790e-01 8.337339743589743080e+01 1.000000000000000000e+00 2.768429487179487225e+01 3.422616177644485225e-01 2.818509615384615685e+01
1.070000000000000000e+02 3.792887875145938920e-05 3.188030839693255514e-01 3.810214274204694052e-01 8.293269230769230660e+01 1.000000000000000000e+00 2.768429487179487225e+01 3.422616177644485225e-01 2.818509615384615685e+01
1.080000000000000000e+02 3.622179800374969346e-05 3.192864481995745241e-01 3.664290098807750362e-01 8.049879807692306599e+01 1.000000000000000000e+00 2.768429487179487225e+01 3.422616177644485225e-01 2.818509615384615685e+01
1.090000000000000000e+02 3.459154854594700924e-05 3.187118280224683908e-01 3.897005823942331082e-01 8.578725961538461320e+01 1.000000000000000000e+00 2.768429487179487225e+01 3.422616177644485225e-01 2.818509615384615685e+01
1.100000000000000000e+02 3.303467240037997950e-05 3.176984432266979907e-01 3.859747644418325407e-01 8.248197115384616041e+01 1.000000000000000000e+00 2.768429487179487225e+01 3.422616177644485225e-01 2.818509615384615685e+01
1.110000000000000000e+02 3.154786722400983623e-05 3.171553157451676430e-01 3.736780431026067717e-01 7.982772435897436480e+01 1.000000000000000000e+00 2.768429487179487225e+01 3.422616177644485225e-01 2.818509615384615685e+01
1.120000000000000000e+02 3.012797930371805544e-05 3.167858141951444551e-01 4.191229465680244570e-01 8.404447115384616041e+01 1.000000000000000000e+00 2.768429487179487225e+01 3.422616177644485225e-01 2.818509615384615685e+01
1.130000000000000000e+02 2.877199686685800821e-05 3.166104177876216674e-01 3.895752976338068829e-01 8.368389423076922640e+01 1.000000000000000000e+00 2.768429487179487225e+01 3.422616177644485225e-01 2.818509615384615685e+01
1.140000000000000000e+02 2.747704369288138287e-05 3.160089558217583638e-01 3.909735572643769363e-01 8.317307692307693401e+01 1.000000000000000000e+00 2.768429487179487225e+01 3.422616177644485225e-01 2.818509615384615685e+01
1.150000000000000000e+02 2.624037301248877897e-05 3.163116768365952791e-01 4.356391854011095743e-01 8.819110576923077360e+01 1.000000000000000000e+00 2.768429487179487225e+01 3.422616177644485225e-01 2.818509615384615685e+01
1.160000000000000000e+02 2.505936168136375784e-05 3.160960016454138488e-01 3.716995628216328007e-01 7.993790064102563520e+01 1.000000000000000000e+00 2.768429487179487225e+01 3.422616177644485225e-01 2.818509615384615685e+01
1.170000000000000000e+02 2.393150461613205427e-05 3.149292106308588246e-01 3.962368239194918873e-01 8.467548076923077360e+01 1.000000000000000000e+00 2.768429487179487225e+01 3.422616177644485225e-01 2.818509615384615685e+01
1.180000000000000000e+02 2.285440948074388357e-05 3.147460986928242166e-01 4.125755536250578781e-01 8.524639423076922640e+01 1.000000000000000000e+00 2.768429487179487225e+01 3.422616177644485225e-01 2.818509615384615685e+01
1.190000000000000000e+02 2.182579161200842540e-05 3.142939321151593801e-01 3.743095367382734406e-01 7.972756410256410220e+01 1.000000000000000000e+00 2.768429487179487225e+01 3.422616177644485225e-01 2.818509615384615685e+01
1.200000000000000000e+02 2.084346917351689114e-05 3.135522460065237049e-01 3.685800727361288054e-01 7.929687500000000000e+01 1.000000000000000000e+00 2.768429487179487225e+01 3.422616177644485225e-01 2.818509615384615685e+01
1.210000000000000000e+02 1.990535852767497943e-05 3.139261724745355253e-01 3.882887042485750895e-01 8.411458333333334281e+01 1.000000000000000000e+00 2.768429487179487225e+01 3.422616177644485225e-01 2.818509615384615685e+01
1.220000000000000000e+02 1.900946981602817364e-05 3.134322335080402810e-01 4.084077653212425107e-01 8.396434294871795601e+01 1.000000000000000000e+00 2.768429487179487225e+01 3.422616177644485225e-01 2.818509615384615685e+01
1.230000000000000000e+02 1.815390273850517504e-05 3.129425552560061718e-01 3.884466072687736138e-01 8.044871794871795601e+01 1.000000000000000000e+00 2.768429487179487225e+01 3.422616177644485225e-01 2.818509615384615685e+01
1.240000000000000000e+02 1.733684252262668543e-05 3.122789740562438854e-01 3.787908664880654808e-01 8.146033653846154721e+01 1.000000000000000000e+00 2.768429487179487225e+01 3.422616177644485225e-01 2.818509615384615685e+01
1.250000000000000000e+02 1.655655607412965334e-05 3.125324554559660850e-01 3.732570065901829603e-01 8.003806089743589780e+01 1.000000000000000000e+00 2.768429487179487225e+01 3.422616177644485225e-01 2.818509615384615685e+01
1.260000000000000000e+02 1.581138830084199252e-05 3.116160427651754050e-01 4.196095821949151761e-01 8.680889423076922640e+01 1.000000000000000000e+00 2.768429487179487225e+01 3.422616177644485225e-01 2.818509615384615685e+01
1.270000000000000000e+02 1.509975860201017393e-05 3.117900692108200866e-01 3.903309691410798421e-01 8.452524038461538680e+01 1.000000000000000000e+00 2.768429487179487225e+01 3.422616177644485225e-01 2.818509615384615685e+01
1.280000000000000000e+02 1.442015751563311961e-05 3.117976014207048951e-01 3.769564590392968650e-01 8.038862179487179560e+01 1.000000000000000000e+00 2.768429487179487225e+01 3.422616177644485225e-01 2.818509615384615685e+01
1.290000000000000000e+02 1.377114351669091805e-05 3.113095823584533517e-01 4.050348714376107440e-01 8.330328525641024839e+01 1.000000000000000000e+00 2.768429487179487225e+01 3.422616177644485225e-01 2.818509615384615685e+01
1.300000000000000000e+02 1.315133995947699176e-05 3.110116252085057820e-01 3.845874128433374173e-01 8.336338141025640880e+01 1.000000000000000000e+00 2.768429487179487225e+01 3.422616177644485225e-01 2.818509615384615685e+01
1.310000000000000000e+02 1.255943215754798040e-05 3.101993291843228029e-01 4.022929767767588483e-01 8.360376602564102200e+01 1.000000000000000000e+00 2.768429487179487225e+01 3.422616177644485225e-01 2.818509615384615685e+01
1.320000000000000000e+02 1.199416459509752978e-05 3.097766267090308889e-01 3.967723185435319544e-01 8.451522435897436480e+01 1.000000000000000000e+00 2.768429487179487225e+01 3.422616177644485225e-01 2.818509615384615685e+01
1.330000000000000000e+02 1.145433826383894056e-05 3.091549838461526978e-01 4.215021099035556329e-01 8.681891025641024839e+01 1.000000000000000000e+00 2.768429487179487225e+01 3.422616177644485225e-01 2.818509615384615685e+01
1.340000000000000000e+02 1.093880811974783576e-05 3.114746537150406280e-01 3.866963294836190945e-01 8.165064102564102200e+01 1.000000000000000000e+00 2.768429487179487225e+01 3.422616177644485225e-01 2.818509615384615685e+01
1.350000000000000000e+02 1.044648065427026722e-05 3.099130413881162061e-01 3.818178948683616514e-01 8.160056089743589780e+01 1.000000000000000000e+00 2.768429487179487225e+01 3.422616177644485225e-01 2.818509615384615685e+01
1.360000000000000000e+02 9.976311574844465955e-06 3.090347826480865367e-01 3.892327726651460540e-01 8.399439102564102200e+01 1.000000000000000000e+00 2.768429487179487225e+01 3.422616177644485225e-01 2.818509615384615685e+01
1.370000000000000000e+02 9.527303589816301350e-06 3.097949230816305910e-01 3.670703088625883459e-01 7.873597756410256920e+01 1.000000000000000000e+00 2.768429487179487225e+01 3.422616177644485225e-01 2.818509615384615685e+01
1.380000000000000000e+02 9.098504293049979616e-06 3.087463210995604612e-01 3.906820687728050356e-01 8.162059294871795601e+01 1.000000000000000000e+00 2.768429487179487225e+01 3.422616177644485225e-01 2.818509615384615685e+01
1.390000000000000000e+02 8.689004143746937838e-06 3.088356130733722615e-01 3.906295895576477051e-01 8.346354166666665719e+01 1.000000000000000000e+00 2.768429487179487225e+01 3.422616177644485225e-01 2.818509615384615685e+01
1.400000000000000000e+02 8.297934537187861767e-06 3.087584172807088523e-01 4.022028877949103132e-01 8.404447115384616041e+01 1.000000000000000000e+00 2.768429487179487225e+01 3.422616177644485225e-01 2.818509615384615685e+01
1.410000000000000000e+02 7.924465962305623129e-06 3.095279769199650310e-01 4.397081113778628092e-01 8.736979166666665719e+01 1.000000000000000000e+00 2.768429487179487225e+01 3.422616177644485225e-01 2.818509615384615685e+01
1.420000000000000000e+02 7.567806242181094136e-06 3.085252552497677603e-01 3.996791342894236432e-01 8.462540064102563520e+01 1.000000000000000000e+00 2.768429487179487225e+01 3.422616177644485225e-01 2.818509615384615685e+01
1.430000000000000000e+02 7.227198853729689230e-06 3.080438224280752646e-01 4.760198696301533583e-01 8.806089743589743080e+01 1.000000000000000000e+00 2.768429487179487225e+01 3.422616177644485225e-01 2.818509615384615685e+01
1.440000000000000000e+02 6.901921323014473563e-06 3.093327431417093321e-01 3.842174131900836231e-01 8.222155448717948900e+01 1.000000000000000000e+00 2.768429487179487225e+01 3.422616177644485225e-01 2.818509615384615685e+01
1.450000000000000000e+02 6.591283692782082914e-06 3.083930338301309471e-01 3.802030499164874566e-01 8.209134615384616041e+01 1.000000000000000000e+00 2.768429487179487225e+01 3.422616177644485225e-01 2.818509615384615685e+01
1.460000000000000000e+02 6.294627058970881393e-06 3.077025863455563059e-01 4.116409004498750579e-01 8.315304487179486159e+01 1.000000000000000000e+00 2.768429487179487225e+01 3.422616177644485225e-01 2.818509615384615685e+01
1.470000000000000000e+02 6.011322173087108245e-06 3.072214622323106159e-01 3.896756596290148478e-01 8.250200320512820440e+01 1.000000000000000000e+00 2.768429487179487225e+01 3.422616177644485225e-01 2.818509615384615685e+01
1.480000000000000000e+02 5.740768107484456030e-06 3.070435406231298847e-01 3.949518688978292946e-01 8.416466346153845279e+01 1.000000000000000000e+00 2.768429487179487225e+01 3.422616177644485225e-01 2.818509615384615685e+01
1.490000000000000000e+02 5.482390980715965730e-06 3.065031257344455473e-01 3.831241837678811546e-01 8.322315705128204399e+01 1.000000000000000000e+00 2.768429487179487225e+01 3.422616177644485225e-01 2.818509615384615685e+01
1.500000000000000000e+02 5.235642740254536719e-06 3.064440751948007691e-01 3.819381235501704830e-01 8.054887820512820440e+01 1.000000000000000000e+00 2.768429487179487225e+01 3.422616177644485225e-01 2.818509615384615685e+01
1.510000000000000000e+02 5.000000000000037678e-06 3.064758518847023328e-01 3.840175255750998273e-01 8.310296474358975161e+01 1.000000000000000000e+00 2.768429487179487225e+01 3.422616177644485225e-01 2.818509615384615685e+01
1.520000000000000000e+02 4.774962930107215754e-06 3.067757303394922364e-01 3.832909598564490095e-01 8.161057692307693401e+01 1.000000000000000000e+00 2.768429487179487225e+01 3.422616177644485225e-01 2.818509615384615685e+01
1.530000000000000000e+02 4.560054196779582914e-06 3.069678779055432516e-01 3.877340860855885141e-01 8.282251602564102200e+01 1.000000000000000000e+00 2.768429487179487225e+01 3.422616177644485225e-01 2.818509615384615685e+01
1.540000000000000000e+02 4.354817949780435828e-06 3.073195155073956686e-01 3.821588510122054805e-01 8.265224358974359120e+01 1.000000000000000000e+00 2.768429487179487225e+01 3.422616177644485225e-01 2.818509615384615685e+01
1.550000000000000000e+02 4.158818855513386029e-06 3.068267719774711577e-01 3.845347471726246469e-01 8.149038461538461320e+01 1.000000000000000000e+00 2.768429487179487225e+01 3.422616177644485225e-01 2.818509615384615685e+01
1.560000000000000000e+02 3.971641173621437131e-06 3.060138148505513467e-01 3.857657970526279789e-01 8.223157051282051100e+01 1.000000000000000000e+00 2.768429487179487225e+01 3.422616177644485225e-01 2.818509615384615685e+01
1.570000000000000000e+02 3.792887875145947475e-06 3.061431391210091002e-01 3.858938954579524405e-01 8.288261217948718240e+01 1.000000000000000000e+00 2.768429487179487225e+01 3.422616177644485225e-01 2.818509615384615685e+01
1.580000000000000000e+02 3.622179800374977901e-06 3.065325734818853953e-01 4.107410380473503486e-01 8.672876602564102200e+01 1.000000000000000000e+00 2.768429487179487225e+01 3.422616177644485225e-01 2.818509615384615685e+01
1.590000000000000000e+02 3.459154854594708801e-06 3.047651330145393911e-01 3.984033832183250801e-01 8.333333333333334281e+01 1.000000000000000000e+00 2.768429487179487225e+01 3.422616177644485225e-01 2.818509615384615685e+01
1.600000000000000000e+02 3.303467240038005489e-06 3.060877041845787017e-01 3.857871183218100075e-01 8.269230769230769340e+01 1.000000000000000000e+00 2.768429487179487225e+01 3.422616177644485225e-01 2.818509615384615685e+01
1.610000000000000000e+02 3.154786722400990654e-06 3.062228587342471497e-01 3.757765159392968402e-01 8.047876602564102200e+01 1.000000000000000000e+00 2.768429487179487225e+01 3.422616177644485225e-01 2.818509615384615685e+01
1.620000000000000000e+02 3.012797930371811982e-06 3.051491238721987242e-01 4.047908469652518049e-01 8.590745192307693401e+01 1.000000000000000000e+00 2.768429487179487225e+01 3.422616177644485225e-01 2.818509615384615685e+01
1.630000000000000000e+02 2.877199686685807089e-06 3.057639769664624585e-01 4.132355153560638428e-01 8.574719551282051100e+01 1.000000000000000000e+00 2.768429487179487225e+01 3.422616177644485225e-01 2.818509615384615685e+01
1.640000000000000000e+02 2.747704369288144132e-06 3.050164842024082335e-01 4.229573508103688373e-01 8.570713141025640880e+01 1.000000000000000000e+00 2.768429487179487225e+01 3.422616177644485225e-01 2.818509615384615685e+01
1.650000000000000000e+02 2.624037301248883572e-06 3.054438635343458830e-01 4.266085907434805646e-01 8.629807692307693401e+01 1.000000000000000000e+00 2.768429487179487225e+01 3.422616177644485225e-01 2.818509615384615685e+01
1.660000000000000000e+02 2.505936168136381120e-06 3.048322892043648924e-01 3.826015217181963912e-01 8.233173076923077360e+01 1.000000000000000000e+00 2.768429487179487225e+01 3.422616177644485225e-01 2.818509615384615685e+01
1.670000000000000000e+02 2.393150461613210763e-06 3.048700549980489227e-01 4.006801958267505182e-01 8.502604166666665719e+01 1.000000000000000000e+00 2.768429487179487225e+01 3.422616177644485225e-01 2.818509615384615685e+01
1.680000000000000000e+02 2.285440948074393269e-06 3.046596583796710722e-01 3.779654785608633771e-01 8.032852564102563520e+01 1.000000000000000000e+00 2.768429487179487225e+01 3.422616177644485225e-01 2.818509615384615685e+01
1.690000000000000000e+02 2.182579161200847368e-06 3.041504061076699128e-01 4.052910961401768319e-01 8.641826923076922640e+01 1.000000000000000000e+00 2.768429487179487225e+01 3.422616177644485225e-01 2.818509615384615685e+01
1.700000000000000000e+02 2.084346917351693942e-06 3.055542562792940564e-01 3.929896045189637532e-01 8.412459935897436480e+01 1.000000000000000000e+00 2.768429487179487225e+01 3.422616177644485225e-01 2.818509615384615685e+01
1.710000000000000000e+02 1.990535852767502347e-06 3.050409095316398700e-01 3.910602762913092389e-01 8.266225961538461320e+01 1.000000000000000000e+00 2.768429487179487225e+01 3.422616177644485225e-01 2.818509615384615685e+01
1.720000000000000000e+02 1.900946981602821430e-06 3.041845567342711387e-01 4.163001779562387483e-01 8.495592948717948900e+01 1.000000000000000000e+00 2.768429487179487225e+01 3.422616177644485225e-01 2.818509615384615685e+01
1.730000000000000000e+02 1.815390273850521654e-06 3.035680970767649089e-01 3.664854837533755294e-01 7.707331730769230660e+01 1.000000000000000000e+00 2.768429487179487225e+01 3.422616177644485225e-01 2.818509615384615685e+01
1.740000000000000000e+02 1.733684252262672609e-06 3.041764558088488890e-01 4.026835018243545283e-01 8.029847756410256920e+01 1.000000000000000000e+00 2.768429487179487225e+01 3.422616177644485225e-01 2.818509615384615685e+01
1.750000000000000000e+02 1.655655607412969315e-06 3.042989183489869243e-01 4.114874620468188526e-01 8.372395833333334281e+01 1.000000000000000000e+00 2.768429487179487225e+01 3.422616177644485225e-01 2.818509615384615685e+01
1.760000000000000000e+02 1.581138830084202936e-06 3.043794787511592825e-01 3.930331262258383029e-01 8.477564102564102200e+01 1.000000000000000000e+00 2.768429487179487225e+01 3.422616177644485225e-01 2.818509615384615685e+01
1.770000000000000000e+02 1.509975860201020866e-06 3.038887210735460864e-01 4.158214815916159157e-01 8.548677884615383959e+01 1.000000000000000000e+00 2.768429487179487225e+01 3.422616177644485225e-01 2.818509615384615685e+01
1.780000000000000000e+02 1.442015751563315222e-06 3.042951881885528342e-01 3.907332168175624010e-01 8.174078525641024839e+01 1.000000000000000000e+00 2.768429487179487225e+01 3.422616177644485225e-01 2.818509615384615685e+01
1.790000000000000000e+02 1.377114351669095024e-06 3.035575099834581514e-01 3.878595798443525422e-01 8.110977564102563520e+01 1.000000000000000000e+00 2.768429487179487225e+01 3.422616177644485225e-01 2.818509615384615685e+01
1.800000000000000000e+02 1.315133995947702268e-06 3.038457950440848765e-01 3.869185443872060759e-01 8.183092948717948900e+01 1.000000000000000000e+00 2.768429487179487225e+01 3.422616177644485225e-01 2.818509615384615685e+01
1.810000000000000000e+02 1.255943215754800877e-06 3.049616443674738608e-01 4.732865007259907109e-01 8.933293269230769340e+01 1.000000000000000000e+00 2.768429487179487225e+01 3.422616177644485225e-01 2.818509615384615685e+01
1.820000000000000000e+02 1.199416459509755646e-06 3.027648983932123006e-01 3.885056066971558919e-01 8.239182692307693401e+01 1.000000000000000000e+00 2.768429487179487225e+01 3.422616177644485225e-01 2.818509615384615685e+01
1.830000000000000000e+02 1.145433826383896470e-06 3.034456288669167279e-01 3.848059998872952470e-01 7.965745192307693401e+01 1.000000000000000000e+00 2.768429487179487225e+01 3.422616177644485225e-01 2.818509615384615685e+01
1.840000000000000000e+02 1.093880811974785820e-06 3.038589242028026938e-01 3.981141115610415948e-01 8.274238782051281760e+01 1.000000000000000000e+00 2.768429487179487225e+01 3.422616177644485225e-01 2.818509615384615685e+01
1.850000000000000000e+02 1.044648065427028797e-06 3.039763228922355287e-01 3.915470567269203062e-01 8.193108974358975161e+01 1.000000000000000000e+00 2.768429487179487225e+01 3.422616177644485225e-01 2.818509615384615685e+01
1.860000000000000000e+02 9.976311574844484590e-07 3.032443572835224477e-01 4.184797666011712547e-01 8.481570512820513841e+01 1.000000000000000000e+00 2.768429487179487225e+01 3.422616177644485225e-01 2.818509615384615685e+01
1.870000000000000000e+02 9.527303589816318926e-07 3.023055445130278240e-01 4.128592453705958731e-01 8.355368589743589780e+01 1.000000000000000000e+00 2.768429487179487225e+01 3.422616177644485225e-01 2.818509615384615685e+01
1.880000000000000000e+02 9.098504293049996557e-07 3.031794470984761070e-01 4.186752067926602372e-01 8.499599358974359120e+01 1.000000000000000000e+00 2.768429487179487225e+01 3.422616177644485225e-01 2.818509615384615685e+01
1.890000000000000000e+02 8.689004143746953720e-07 3.021698851410935527e-01 3.799424362488282303e-01 8.131009615384616041e+01 1.000000000000000000e+00 2.768429487179487225e+01 3.422616177644485225e-01 2.818509615384615685e+01
1.900000000000000000e+02 8.297934537187876590e-07 3.030482874410908578e-01 4.350447326134412873e-01 8.633814102564102200e+01 1.000000000000000000e+00 2.768429487179487225e+01 3.422616177644485225e-01 2.818509615384615685e+01
1.910000000000000000e+02 7.924465962305638164e-07 3.026819311990970318e-01 3.839061615558770901e-01 8.282251602564102200e+01 1.000000000000000000e+00 2.768429487179487225e+01 3.422616177644485225e-01 2.818509615384615685e+01
1.920000000000000000e+02 7.567806242181108959e-07 3.035544125045218089e-01 4.129924036753483407e-01 8.600761217948718240e+01 1.000000000000000000e+00 2.768429487179487225e+01 3.422616177644485225e-01 2.818509615384615685e+01
1.930000000000000000e+02 7.227198853729703206e-07 3.029325807966837258e-01 4.263076186180114746e-01 8.615785256410256920e+01 1.000000000000000000e+00 2.768429487179487225e+01 3.422616177644485225e-01 2.818509615384615685e+01
1.940000000000000000e+02 6.901921323014486692e-07 3.038828186872528647e-01 3.931099841227898017e-01 8.331330128205127039e+01 1.000000000000000000e+00 2.768429487179487225e+01 3.422616177644485225e-01 2.818509615384615685e+01
1.950000000000000000e+02 6.591283692782095196e-07 3.027708734680966685e-01 4.086386802104803317e-01 8.225160256410256920e+01 1.000000000000000000e+00 2.768429487179487225e+01 3.422616177644485225e-01 2.818509615384615685e+01
1.960000000000000000e+02 6.294627058970893040e-07 3.029544124516045378e-01 4.004495185919297318e-01 8.483573717948718240e+01 1.000000000000000000e+00 2.768429487179487225e+01 3.422616177644485225e-01 2.818509615384615685e+01
1.970000000000000000e+02 6.011322173087118833e-07 3.018153545333118193e-01 4.226207267015408275e-01 8.649839743589743080e+01 1.000000000000000000e+00 2.768429487179487225e+01 3.422616177644485225e-01 2.818509615384615685e+01
1.980000000000000000e+02 5.740768107484465559e-07 3.027655921331265931e-01 3.969430526097615375e-01 8.415464743589743080e+01 1.000000000000000000e+00 2.768429487179487225e+01 3.422616177644485225e-01 2.818509615384615685e+01
1.990000000000000000e+02 5.482390980715975259e-07 3.032407010473855968e-01 4.657941204615128616e-01 8.679887820512820440e+01 1.000000000000000000e+00 2.768429487179487225e+01 3.422616177644485225e-01 2.818509615384615685e+01
2.000000000000000000e+02 5.235642740254545613e-07 3.023705191728545127e-01 3.931003361940383911e-01 8.434495192307693401e+01 1.000000000000000000e+00 2.768429487179487225e+01 3.422616177644485225e-01 2.818509615384615685e+01
