# Train Loss, Validation Loss, Validation Error, Test Error
6.736000795371648309e-01 3.461475318823105107e-01 3.525641025641025550e+01 1.320112179487179560e+01
3.624945578233497723e-01 3.583292403282263283e-01 6.058693910256410931e+01 0.000000000000000000e+00
3.599660575753305114e-01 3.575290781565201859e-01 6.979166666666665719e+01 0.000000000000000000e+00
3.599371468512023164e-01 3.527016295836521986e-01 4.368990384615384670e+01 0.000000000000000000e+00
3.597904680342208783e-01 3.464929419450270554e-01 2.818509615384615685e+01 0.000000000000000000e+00
3.596551157352401162e-01 3.456244380810322148e-01 1.932091346153845990e+01 0.000000000000000000e+00
3.595728988872795573e-01 3.392460621320284586e-01 1.541466346153846168e+01 0.000000000000000000e+00
3.595265246746016663e-01 3.404147063310329901e-01 1.423277243589743613e+01 0.000000000000000000e+00
3.594802769037281354e-01 3.407474133448722964e-01 1.523437500000000000e+01 0.000000000000000000e+00
3.594288740761396594e-01 3.386965080713614240e-01 1.561498397435897267e+01 0.000000000000000000e+00
3.594027035120057056e-01 3.394328138002982720e-01 1.316105769230769340e+01 0.000000000000000000e+00
3.593673035320712472e-01 3.372024060823978764e-01 1.271033653846153832e+01 0.000000000000000000e+00
3.593344467260488617e-01 3.377596296561070077e-01 1.407251602564102733e+01 0.000000000000000000e+00
3.592828217621256703e-01 3.364393302263357644e-01 1.312099358974359120e+01 0.000000000000000000e+00
3.592575061430291483e-01 3.349486665847973832e-01 1.369190705128205110e+01 0.000000000000000000e+00
3.592376750598593182e-01 3.365596127815735916e-01 1.335136217948718063e+01 0.000000000000000000e+00
3.591898437498546315e-01 3.388135589850254648e-01 1.327123397435897267e+01 0.000000000000000000e+00
3.591503264518772776e-01 3.378578714835338004e-01 1.370192307692307843e+01 0.000000000000000000e+00
3.591344518814145181e-01 3.373770473095086819e-01 1.311097756410256387e+01 0.000000000000000000e+00
3.591386628223628419e-01 3.378879909331982123e-01 1.403245192307692157e+01 0.000000000000000000e+00
3.591043597859580605e-01 3.374989968843949417e-01 1.435296474358974450e+01 0.000000000000000000e+00
3.590454522611164490e-01 3.382192437465374457e-01 1.359174679487179560e+01 0.000000000000000000e+00
3.590484741984343864e-01 3.374805003404617310e-01 1.441306089743589780e+01 0.000000000000000000e+00
3.590140947663202353e-01 3.349780661937518111e-01 1.359174679487179560e+01 0.000000000000000000e+00
3.590060713996247599e-01 3.361363200805125850e-01 1.509415064102564230e+01 0.000000000000000000e+00
3.589635244229944511e-01 3.367386143176983593e-01 1.492387820512820440e+01 0.000000000000000000e+00
3.589205324468089375e-01 3.354621525758352263e-01 1.443309294871794890e+01 0.000000000000000000e+00
3.589143615852041780e-01 3.350070554476518025e-01 1.681690705128205110e+01 0.000000000000000000e+00
3.588848114013671875e-01 3.374817971235666292e-01 1.830929487179487225e+01 0.000000000000000000e+00
3.588691638373747161e-01 3.355252383611140865e-01 1.625600961538461320e+01 0.000000000000000000e+00
3.588599765082685078e-01 3.383745279831764097e-01 1.640625000000000000e+01 0.000000000000000000e+00
3.588080244820292530e-01 3.363554714581905025e-01 1.730769230769230660e+01 0.000000000000000000e+00
3.588217048746783489e-01 3.374413977830837963e-01 1.782852564102564230e+01 0.000000000000000000e+00
3.587802861885326933e-01 3.357917039822309602e-01 1.670673076923076650e+01 0.000000000000000000e+00
3.587720783927091928e-01 3.364438410752859099e-01 1.794871794871794890e+01 0.000000000000000000e+00
3.587184385192103697e-01 3.381826166923229682e-01 1.745793269230769340e+01 0.000000000000000000e+00
3.587494498527631359e-01 3.376025461997741450e-01 1.744791666666666430e+01 0.000000000000000000e+00
3.586555715196016458e-01 3.366875862463926672e-01 1.825921474358974450e+01 0.000000000000000000e+00
3.586781298968850229e-01 3.376311121078637845e-01 2.017227564102564230e+01 0.000000000000000000e+00
3.586510341341902497e-01 3.369872696124590616e-01 1.901041666666666430e+01 0.000000000000000000e+00
3.586254884738747650e-01 3.378743418516256813e-01 1.947115384615384670e+01 0.000000000000000000e+00
3.585980555088054689e-01 3.358771373064090016e-01 1.761818910256410220e+01 0.000000000000000000e+00
3.586117841666791595e-01 3.369200760737443567e-01 2.012219551282051100e+01 0.000000000000000000e+00
3.585336690814029947e-01 3.365008987677403085e-01 2.060296474358974450e+01 0.000000000000000000e+00
3.585376847081068186e-01 3.376146314235833890e-01 2.025240384615384670e+01 0.000000000000000000e+00
3.584968402073150928e-01 3.374161662963720554e-01 1.985176282051281760e+01 0.000000000000000000e+00
3.585347613910349618e-01 3.381422784848091001e-01 2.174479166666666430e+01 0.000000000000000000e+00
3.585116393318990569e-01 3.376946984193263668e-01 2.081330128205128460e+01 0.000000000000000000e+00
3.584742894259894674e-01 3.372690964203614583e-01 2.108373397435897445e+01 0.000000000000000000e+00
3.584440297469860259e-01 3.368232173797411910e-01 2.167467948717948900e+01 0.000000000000000000e+00
3.584863369784704323e-01 3.360100186023956548e-01 2.061298076923076650e+01 0.000000000000000000e+00
3.584535801374330588e-01 3.374126786604905726e-01 2.074318910256410220e+01 0.000000000000000000e+00
3.583958600170728537e-01 3.369742364455491912e-01 2.179487179487179560e+01 0.000000000000000000e+00
3.583835470058568951e-01 3.370592620892402524e-01 2.141426282051281760e+01 0.000000000000000000e+00
3.583511122479671185e-01 3.364246938473138826e-01 2.271634615384615330e+01 0.000000000000000000e+00
3.583025640467318307e-01 3.362671006948519947e-01 2.290665064102564230e+01 0.000000000000000000e+00
3.583194805172885133e-01 3.386318947260196222e-01 2.503004807692307665e+01 0.000000000000000000e+00
3.583457133937172912e-01 3.377417792112399342e-01 2.280649038461538680e+01 0.000000000000000000e+00
3.582804908657946097e-01 3.371712622734216458e-01 2.218549679487179560e+01 0.000000000000000000e+00
3.583091479249116973e-01 3.378093208257968438e-01 2.425881410256410220e+01 0.000000000000000000e+00
3.582689523151734723e-01 3.377504612390811456e-01 2.487980769230769340e+01 0.000000000000000000e+00
3.582746810302501750e-01 3.380873214740019450e-01 2.530048076923077005e+01 0.000000000000000000e+00
3.582705409425060994e-01 3.381298956198570127e-01 2.343750000000000000e+01 0.000000000000000000e+00
3.582581933678650188e-01 3.376810233562420605e-01 2.373798076923076650e+01 0.000000000000000000e+00
3.582576324663511169e-01 3.381819316209890847e-01 2.285657051282051100e+01 0.000000000000000000e+00
3.582318595633274261e-01 3.372745743164649590e-01 2.311698717948718240e+01 0.000000000000000000e+00
3.582410610121924965e-01 3.374314205004618761e-01 2.333733974358974450e+01 0.000000000000000000e+00
3.581698130725360363e-01 3.379492817016748196e-01 2.430889423076923350e+01 0.000000000000000000e+00
3.582177995545108296e-01 3.386019991758542069e-01 2.413862179487179560e+01 0.000000000000000000e+00
3.581362363587065611e-01 3.387399239417834274e-01 2.504006410256410220e+01 0.000000000000000000e+00
3.581508283026334505e-01 3.379300660811938029e-01 2.397836538461538680e+01 0.000000000000000000e+00
3.581902290081105389e-01 3.377622495859097240e-01 2.432892628205128460e+01 0.000000000000000000e+00
3.581233750392751047e-01 3.386185620075616853e-01 2.431891025641025550e+01 0.000000000000000000e+00
3.581471558387686605e-01 3.388074838962310542e-01 2.447916666666666430e+01 0.000000000000000000e+00
3.580750615858450114e-01 3.379259766676487309e-01 2.561097756410256565e+01 0.000000000000000000e+00
3.580942670746547485e-01 3.380362307414030432e-01 2.653245192307692335e+01 0.000000000000000000e+00
3.581214658007388918e-01 3.379260874711550455e-01 2.721354166666666785e+01 0.000000000000000000e+00
3.580981770848355450e-01 3.402043240956770798e-01 2.581129807692307665e+01 0.000000000000000000e+00
3.581121953885729736e-01 3.395419606031515602e-01 2.568108974358974095e+01 0.000000000000000000e+00
3.580043533408060474e-01 3.397842687674058060e-01 2.705328525641025905e+01 0.000000000000000000e+00
3.580544198249898113e-01 3.388423763024501212e-01 2.696314102564102555e+01 0.000000000000000000e+00
3.580587428699179564e-01 3.371039854410367020e-01 2.562099358974359120e+01 0.000000000000000000e+00
3.580429045347178763e-01 3.381180549279237391e-01 2.588141025641025905e+01 0.000000000000000000e+00
3.579918937167016479e-01 3.392352312803268433e-01 2.653245192307692335e+01 0.000000000000000000e+00
3.580230015807035482e-01 3.387056027467434394e-01 2.710336538461538680e+01 0.000000000000000000e+00
3.579759866907828991e-01 3.387642044287461629e-01 2.673277243589743435e+01 0.000000000000000000e+00
3.580146195866712455e-01 3.379637446158971770e-01 2.715344551282051100e+01 0.000000000000000000e+00
3.579648622107214906e-01 3.388430010049771068e-01 2.689302884615384315e+01 0.000000000000000000e+00
3.580134782122402770e-01 3.387783597677181957e-01 2.671274038461538680e+01 0.000000000000000000e+00
3.579246959126577421e-01 3.385550631926609877e-01 2.736378205128205465e+01 0.000000000000000000e+00
3.579150262947489725e-01 3.377599731469765887e-01 2.740384615384615685e+01 0.000000000000000000e+00
3.579479044893892903e-01 3.388055685238960391e-01 2.706330128205128460e+01 0.000000000000000000e+00
3.579330734545138060e-01 3.387690591506468674e-01 2.706330128205128460e+01 0.000000000000000000e+00
3.579513843103153126e-01 3.385547793064361821e-01 2.793469551282051100e+01 0.000000000000000000e+00
3.579240918159484752e-01 3.377934434475042824e-01 2.779447115384615685e+01 0.000000000000000000e+00
3.578493592034026061e-01 3.388621394450848090e-01 2.828525641025640880e+01 0.000000000000000000e+00
3.578945759956429495e-01 3.390109378557938924e-01 2.830528846153846345e+01 0.000000000000000000e+00
3.578873948353092915e-01 3.392701695362727032e-01 2.908653846153846345e+01 0.000000000000000000e+00
3.578435294148398782e-01 3.393758065425432902e-01 2.785456730769230660e+01 0.000000000000000000e+00
3.578702900286128141e-01 3.389528076618145702e-01 2.835536858974359120e+01 0.000000000000000000e+00
3.578501795668427299e-01 3.391793026373936537e-01 2.819511217948718240e+01 0.000000000000000000e+00
3.578421663220335835e-01 3.386593850759359592e-01 2.787459935897436125e+01 0.000000000000000000e+00
3.578801571959402406e-01 3.389987506163426034e-01 2.926682692307692335e+01 0.000000000000000000e+00
3.578722804966496529e-01 3.387487312922111138e-01 2.817508012820512775e+01 0.000000000000000000e+00
3.578150146981565194e-01 3.390973156843429814e-01 2.880608974358974095e+01 0.000000000000000000e+00
3.578262408695569996e-01 3.391575014744049321e-01 2.866586538461538680e+01 0.000000000000000000e+00
3.578191670884446340e-01 3.386369106861261136e-01 2.825520833333333215e+01 0.000000000000000000e+00
3.577874177657976440e-01 3.384916618084296003e-01 2.991786858974359120e+01 0.000000000000000000e+00
3.577987332351323935e-01 3.386306189573727865e-01 2.759415064102563875e+01 0.000000000000000000e+00
3.577605955666158244e-01 3.386261394390693291e-01 2.855568910256410220e+01 0.000000000000000000e+00
3.578103043320702281e-01 3.389300872118045094e-01 2.905649038461538680e+01 0.000000000000000000e+00
3.577351977912391345e-01 3.382682116367878300e-01 2.777443910256410220e+01 0.000000000000000000e+00
3.577457411987025604e-01 3.387819956510494945e-01 2.830528846153846345e+01 0.000000000000000000e+00
3.577346835739728670e-01 3.390124486042903063e-01 2.819511217948718240e+01 0.000000000000000000e+00
3.577853105417111990e-01 3.392080248166353118e-01 2.928685897435897445e+01 0.000000000000000000e+00
3.577500619721121766e-01 3.389158172485156051e-01 2.861578525641025905e+01 0.000000000000000000e+00
3.577726622725405092e-01 3.385299673447242363e-01 2.929687500000000000e+01 0.000000000000000000e+00
3.577577100112671049e-01 3.389197175319378363e-01 2.900641025641025905e+01 0.000000000000000000e+00
3.577560233997135741e-01 3.385375917722017181e-01 2.991786858974359120e+01 0.000000000000000000e+00
3.577074807409832968e-01 3.393180836469699146e-01 2.993790064102563875e+01 0.000000000000000000e+00
3.577772692754501160e-01 3.386175426153036350e-01 3.109975961538461320e+01 0.000000000000000000e+00
3.577179626538986024e-01 3.389202776627662783e-01 3.033854166666666785e+01 0.000000000000000000e+00
3.577256802015188475e-01 3.395349142643121487e-01 2.913661858974359120e+01 0.000000000000000000e+00
3.577113891520151134e-01 3.387118830130650404e-01 2.894631410256410220e+01 0.000000000000000000e+00
3.576456778660053182e-01 3.387769453036479361e-01 3.060897435897436125e+01 0.000000000000000000e+00
3.576896925888410350e-01 3.393821383898074640e-01 3.017828525641025905e+01 0.000000000000000000e+00
3.577093058243030477e-01 3.395703599239007220e-01 3.031850961538461320e+01 0.000000000000000000e+00
3.576977401790095712e-01 3.396350515958590499e-01 3.041866987179487225e+01 0.000000000000000000e+00
3.576524996539441337e-01 3.392374370342645662e-01 3.062900641025640880e+01 0.000000000000000000e+00
3.576663130303708305e-01 3.392088168706649531e-01 3.020833333333333215e+01 0.000000000000000000e+00
3.576086310896931519e-01 3.384627994054403288e-01 3.020833333333333215e+01 0.000000000000000000e+00
3.576592460819860708e-01 3.390997632955893293e-01 2.965745192307692335e+01 0.000000000000000000e+00
3.576834982306492106e-01 3.389540261183029424e-01 3.028846153846153655e+01 0.000000000000000000e+00
3.576776315162821240e-01 3.388491288209573016e-01 2.948717948717948900e+01 0.000000000000000000e+00
3.576534610332512409e-01 3.395603558956048484e-01 3.097956730769230660e+01 0.000000000000000000e+00
3.576438062256429018e-01 3.390201654953834409e-01 2.982772435897436125e+01 0.000000000000000000e+00
3.575577396808600761e-01 3.391890392089501605e-01 3.039863782051281760e+01 0.000000000000000000e+00
3.575784776814100452e-01 3.385417067851775874e-01 3.021834935897436125e+01 0.000000000000000000e+00
3.576074294564200451e-01 3.392221419475017208e-01 3.030849358974359120e+01 0.000000000000000000e+00
3.576455076111526021e-01 3.391579431601060013e-01 3.051883012820512775e+01 0.000000000000000000e+00
3.576032588939841439e-01 3.393444288999606373e-01 3.023838141025640880e+01 0.000000000000000000e+00
3.576480526204516286e-01 3.386268061705124954e-01 2.992788461538461320e+01 0.000000000000000000e+00
3.575978588040282236e-01 3.390365812258842593e-01 3.036858974358974095e+01 0.000000000000000000e+00
3.575794060055802470e-01 3.393797901196357603e-01 3.080929487179487225e+01 0.000000000000000000e+00
3.576109678643505929e-01 3.392446297101485153e-01 3.046875000000000000e+01 0.000000000000000000e+00
3.576096435690798159e-01 3.391906508268454079e-01 3.145032051282051100e+01 0.000000000000000000e+00
3.575531209387430298e-01 3.390883612327086349e-01 3.052884615384615685e+01 0.000000000000000000e+00
3.576197832277634991e-01 3.399852166573206769e-01 3.126001602564102555e+01 0.000000000000000000e+00
3.575991393589391665e-01 3.394579379222331661e-01 3.072916666666666785e+01 0.000000000000000000e+00
3.575834422940161184e-01 3.391392253912411947e-01 3.019831730769230660e+01 0.000000000000000000e+00
3.575000500897081990e-01 3.386930181429936293e-01 3.123998397435897445e+01 0.000000000000000000e+00
3.575754214169048484e-01 3.391172958490176192e-01 3.106971153846153655e+01 0.000000000000000000e+00
3.575552259821717094e-01 3.394798880968338262e-01 3.094951923076922995e+01 0.000000000000000000e+00
3.575740880719045500e-01 3.397047561712754349e-01 3.231169871794871540e+01 0.000000000000000000e+00
3.574809664996658753e-01 3.392821454848998775e-01 3.154046474358974095e+01 0.000000000000000000e+00
3.575427387000584267e-01 3.393465838371179100e-01 3.112980769230769340e+01 0.000000000000000000e+00
3.575437442013403300e-01 3.387617564354187261e-01 3.058894230769230660e+01 0.000000000000000000e+00
3.575402294717183738e-01 3.391506733038486820e-01 3.131009615384615685e+01 0.000000000000000000e+00
3.575695792349373181e-01 3.392418026924133301e-01 3.135016025641025905e+01 0.000000000000000000e+00
3.575340587373186940e-01 3.394767214090396168e-01 3.153044871794871540e+01 0.000000000000000000e+00
3.575366696388256327e-01 3.394860758995398298e-01 3.172075320512820440e+01 0.000000000000000000e+00
3.575258389297055195e-01 3.394915767205067270e-01 3.100961538461538680e+01 0.000000000000000000e+00
3.575439291756327687e-01 3.392486595190488119e-01 3.125000000000000000e+01 0.000000000000000000e+00
3.574904799643086051e-01 3.402495628748184453e-01 3.187099358974359120e+01 0.000000000000000000e+00
3.575303440595545279e-01 3.398686826993257415e-01 3.269230769230769340e+01 0.000000000000000000e+00
3.575633297424490875e-01 3.398362115407601580e-01 3.106971153846153655e+01 0.000000000000000000e+00
3.575327887949419914e-01 3.398548735257906905e-01 3.070913461538461320e+01 0.000000000000000000e+00
3.574582912936443146e-01 3.392663980141664148e-01 3.187099358974359120e+01 0.000000000000000000e+00
3.575377832098705078e-01 3.396653915062928797e-01 3.142027243589743435e+01 0.000000000000000000e+00
3.575164997904766162e-01 3.383834342925976513e-01 3.013822115384615685e+01 0.000000000000000000e+00
3.575020588389257181e-01 3.394721792294428941e-01 3.123998397435897445e+01 0.000000000000000000e+00
3.575998169983305441e-01 3.393633671295948617e-01 3.111979166666666785e+01 0.000000000000000000e+00
3.575146440870878295e-01 3.394188208457751266e-01 3.131009615384615685e+01 0.000000000000000000e+00
3.574379881344190713e-01 3.388846516609191895e-01 3.144030448717948900e+01 0.000000000000000000e+00
3.575207921426470925e-01 3.394959905208685402e-01 3.116987179487179560e+01 0.000000000000000000e+00
3.574742847826422598e-01 3.392496586610109222e-01 3.113982371794871540e+01 0.000000000000000000e+00
3.574708155924227193e-01 3.398379156222710029e-01 3.156049679487179560e+01 0.000000000000000000e+00
3.574823762040312825e-01 3.393507236853623987e-01 3.139022435897436125e+01 0.000000000000000000e+00
3.574576353336252899e-01 3.394485031947111486e-01 3.181089743589743435e+01 0.000000000000000000e+00
3.574882975802188834e-01 3.395563623844048973e-01 3.198116987179487225e+01 0.000000000000000000e+00
3.574202031987469552e-01 3.396117755999931709e-01 3.126001602564102555e+01 0.000000000000000000e+00
3.574875904474316690e-01 3.390079625906088356e-01 3.142027243589743435e+01 0.000000000000000000e+00
3.574242024523455741e-01 3.390526316868953116e-01 3.103966346153846345e+01 0.000000000000000000e+00
3.574218216647462310e-01 3.395597862127499589e-01 3.168068910256410220e+01 0.000000000000000000e+00
3.574774936386724833e-01 3.397780087513801450e-01 3.187099358974359120e+01 0.000000000000000000e+00
3.574617303362706555e-01 3.395971709336990108e-01 3.170072115384615685e+01 0.000000000000000000e+00
3.573778518271155669e-01 3.397218363407330521e-01 3.103966346153846345e+01 0.000000000000000000e+00
3.574297475378687694e-01 3.393984150428038249e-01 3.177083333333333215e+01 0.000000000000000000e+00
3.574422007653771383e-01 3.393217646158658285e-01 3.150040064102563875e+01 0.000000000000000000e+00
3.574134981850298209e-01 3.386256736822617630e-01 3.166065705128205465e+01 0.000000000000000000e+00
3.574449414705357930e-01 3.390835940073698151e-01 3.152043269230769340e+01 0.000000000000000000e+00
3.574541139711693849e-01 3.391752078747137800e-01 3.163060897435897445e+01 0.000000000000000000e+00
3.573164289317479758e-01 3.398522421335562482e-01 3.254206730769230660e+01 0.000000000000000000e+00
3.573659695321466656e-01 3.398562727066186673e-01 3.196113782051281760e+01 0.000000000000000000e+00
3.574006534567693572e-01 3.394920680767450349e-01 3.163060897435897445e+01 0.000000000000000000e+00
3.574122825410308013e-01 3.393257164802306880e-01 3.176081730769230660e+01 0.000000000000000000e+00
3.573913400674738616e-01 3.396961322197547539e-01 3.191105769230769340e+01 0.000000000000000000e+00
3.573619840893803579e-01 3.393380920856426952e-01 3.206129807692308020e+01 0.000000000000000000e+00
3.574010341269214241e-01 3.395660798519085644e-01 3.182091346153846345e+01 0.000000000000000000e+00
3.573500944165194926e-01 3.388933008297895788e-01 3.129006410256410220e+01 0.000000000000000000e+00
