# Train Loss, Validation Loss, Validation Error, Test Error
1.063103577265372746e+00 6.716736088960598705e-01 1.318108974358974450e+01 3.395432692307692069e+00
7.004666832777169949e-01 4.883468139630097737e-01 1.133814102564102555e+01 0.000000000000000000e+00
5.493677823971478968e-01 3.855708898642124516e-01 1.077724358974359120e+01 0.000000000000000000e+00
4.494362714198919528e-01 3.040840490124164242e-01 1.022636217948717885e+01 0.000000000000000000e+00
3.752576055435034030e-01 2.516369615227748158e-01 1.010616987179487225e+01 0.000000000000000000e+00
3.158181359370549335e-01 2.084586610778784155e-01 9.825721153846153300e+00 0.000000000000000000e+00
2.666217465049181001e-01 1.738429594880495366e-01 9.405048076923076650e+00 0.000000000000000000e+00
2.276789970122850837e-01 1.458624255580779905e-01 9.184695512820512775e+00 0.000000000000000000e+00
1.972743863096604044e-01 1.261107538564082975e-01 9.014423076923076650e+00 0.000000000000000000e+00
1.706219088190641109e-01 1.097965370386074779e-01 8.784054487179487225e+00 0.000000000000000000e+00
1.538682315403070155e-01 9.706725886999031938e-02 8.633814102564102200e+00 0.000000000000000000e+00
1.374386471624557682e-01 8.523619217941394433e-02 8.283253205128204399e+00 0.000000000000000000e+00
1.256324868553723995e-01 7.881618888141253554e-02 8.213141025641025550e+00 0.000000000000000000e+00
1.147694456844757793e-01 7.279925616696858448e-02 7.862580128205127750e+00 0.000000000000000000e+00
1.062698142650799898e-01 6.837372894948109958e-02 7.882612179487178850e+00 0.000000000000000000e+00
9.977280959869042065e-02 6.365060082708413891e-02 7.522035256410256387e+00 0.000000000000000000e+00
9.274212681712248885e-02 6.068950003156295403e-02 7.381810897435897800e+00 0.000000000000000000e+00
8.854094396034876968e-02 5.806699304435497533e-02 7.221554487179486337e+00 0.000000000000000000e+00
8.505997749475333047e-02 5.587073009556684650e-02 6.931089743589743613e+00 0.000000000000000000e+00
8.057150421425318676e-02 5.392835341776028996e-02 6.780849358974358587e+00 0.000000000000000000e+00
7.965707903107006882e-02 5.264536809558287983e-02 6.590544871794872250e+00 0.000000000000000000e+00
7.566293835257872913e-02 5.085291243038880804e-02 6.239983974358974450e+00 0.000000000000000000e+00
7.387385971080033531e-02 4.993913384775320458e-02 6.380208333333333037e+00 0.000000000000000000e+00
7.289386325730727589e-02 4.774853393722038736e-02 6.239983974358974450e+00 0.000000000000000000e+00
7.084230247598427566e-02 4.672594564274335643e-02 6.099759615384614975e+00 0.000000000000000000e+00
6.735279124516707627e-02 4.607535908237481853e-02 5.909455128205127750e+00 0.000000000000000000e+00
6.716224431800536798e-02 4.471506907915075851e-02 5.639022435897436125e+00 0.000000000000000000e+00
6.687466919613190008e-02 4.373197273040810990e-02 5.709134615384614975e+00 0.000000000000000000e+00
6.392042716153156778e-02 4.235180424383053199e-02 5.308493589743589425e+00 0.000000000000000000e+00
6.343326340310084799e-02 4.195086537406612914e-02 5.258413461538461675e+00 0.000000000000000000e+00
6.334065125347712599e-02 4.062152595426409690e-02 4.987980769230769162e+00 0.000000000000000000e+00
6.046852541084472843e-02 3.970900395264228416e-02 4.867788461538461675e+00 0.000000000000000000e+00
6.006175895723012831e-02 3.938814075902486583e-02 4.937900641025640525e+00 0.000000000000000000e+00
5.687526016472242013e-02 3.932410229045229383e-02 4.927884615384614975e+00 0.000000000000000000e+00
5.721295505571059870e-02 3.836706666371379054e-02 4.887820512820512775e+00 0.000000000000000000e+00
5.702404907116523369e-02 3.775699615765076150e-02 4.737580128205127750e+00 0.000000000000000000e+00
5.549634004441591356e-02 3.716439612878438825e-02 4.757612179487178850e+00 0.000000000000000000e+00
5.581010118699990946e-02 3.630990784567517810e-02 4.597355769230769162e+00 0.000000000000000000e+00
5.398835628651655477e-02 3.585506745208150159e-02 4.507211538461538325e+00 0.000000000000000000e+00
5.243588941028484718e-02 3.547432090943822280e-02 4.427083333333333925e+00 0.000000000000000000e+00
5.222326512329089621e-02 3.445835077824691700e-02 4.196714743589743613e+00 0.000000000000000000e+00
5.272820782967102549e-02 3.454197386805063497e-02 4.286858974358974450e+00 0.000000000000000000e+00
5.158653377722471206e-02 3.422593104485899956e-02 4.326923076923076650e+00 0.000000000000000000e+00
5.038636610007438815e-02 3.344498530555611859e-02 4.196714743589743613e+00 0.000000000000000000e+00
4.881615122445882859e-02 3.276957148829331978e-02 4.156650641025640525e+00 0.000000000000000000e+00
4.798502752032035579e-02 3.244420342768231796e-02 4.036458333333333925e+00 0.000000000000000000e+00
4.725323010904666776e-02 3.214260195501339457e-02 4.016426282051281937e+00 0.000000000000000000e+00
4.750433537918023752e-02 3.198730805888772011e-02 4.026442307692308376e+00 0.000000000000000000e+00
4.720117204273358708e-02 3.156239255809058231e-02 3.916266025641025550e+00 0.000000000000000000e+00
4.554376383431446573e-02 3.165720695128234480e-02 4.056490384615385025e+00 0.000000000000000000e+00
4.643708988068959848e-02 3.079737841677016030e-02 4.046474358974359475e+00 0.000000000000000000e+00
4.626874501506487297e-02 3.047540388070046902e-02 3.916266025641025550e+00 0.000000000000000000e+00
4.525472278682849542e-02 3.004082989019270233e-02 3.956330128205128194e+00 0.000000000000000000e+00
4.276890902278514955e-02 3.018830203785537181e-02 3.906250000000000000e+00 0.000000000000000000e+00
4.460321901700435576e-02 2.935782240297740708e-02 3.836137820512820706e+00 0.000000000000000000e+00
4.406527747423984870e-02 2.945028945135000353e-02 3.776041666666666519e+00 0.000000000000000000e+00
4.254381590260145063e-02 2.921288010353843487e-02 3.776041666666666519e+00 0.000000000000000000e+00
4.226957323650518822e-02 2.969530855233852573e-02 3.836137820512820706e+00 0.000000000000000000e+00
4.257602464312162244e-02 2.938022379142542564e-02 3.816105769230769607e+00 0.000000000000000000e+00
4.251543504114334293e-02 2.875744475004000586e-02 3.685897435897436125e+00 0.000000000000000000e+00
4.151993139814107864e-02 2.876675566538977255e-02 3.655849358974359031e+00 0.000000000000000000e+00
4.167310537722630076e-02 2.840524570395549023e-02 3.705929487179487225e+00 0.000000000000000000e+00
4.112361338085088885e-02 2.846438499788443363e-02 3.655849358974359031e+00 0.000000000000000000e+00
4.233132047244371476e-02 2.840007002799747882e-02 3.715945512820512775e+00 0.000000000000000000e+00
4.133010466989034404e-02 2.791310319653115060e-02 3.665865384615384581e+00 0.000000000000000000e+00
3.812295635445760167e-02 2.782282306072421732e-02 3.605769230769230393e+00 0.000000000000000000e+00
3.850848576388297972e-02 2.784639199932989473e-02 3.605769230769230393e+00 0.000000000000000000e+00
3.870004518196368953e-02 2.740945411511720720e-02 3.605769230769230393e+00 0.000000000000000000e+00
3.871087916195392609e-02 2.730135096069902928e-02 3.565705128205128194e+00 0.000000000000000000e+00
3.913267857084671425e-02 2.679212963304076350e-02 3.515625000000000000e+00 0.000000000000000000e+00
3.702707204203575103e-02 2.697435053638540942e-02 3.595753205128204844e+00 0.000000000000000000e+00
3.952032349144037060e-02 2.688763297807711741e-02 3.565705128205128194e+00 0.000000000000000000e+00
3.848159626030769193e-02 2.689119302727377425e-02 3.475560897435897800e+00 0.000000000000000000e+00
3.912069041950580472e-02 2.697718540469232207e-02 3.495592948717948900e+00 0.000000000000000000e+00
3.808900487059966450e-02 2.603966082470157359e-02 3.445512820512820706e+00 0.000000000000000000e+00
3.687045011573877179e-02 2.641339667547398795e-02 3.435496794871795156e+00 0.000000000000000000e+00
3.621744381216091685e-02 2.668874537070783232e-02 3.555689102564102200e+00 0.000000000000000000e+00
3.661473076312969643e-02 2.718729648786859590e-02 3.605769230769230393e+00 0.000000000000000000e+00
3.651940657828862957e-02 2.603684297691170879e-02 3.485576923076923350e+00 0.000000000000000000e+00
3.627642619017606984e-02 2.588503625697623559e-02 3.305288461538461675e+00 0.000000000000000000e+00
3.505928193529447151e-02 2.612356238592511426e-02 3.355368589743589425e+00 0.000000000000000000e+00
3.647731113223693505e-02 2.606842586866173900e-02 3.425480769230769607e+00 0.000000000000000000e+00
3.713771196989677087e-02 2.604383547217226785e-02 3.425480769230769607e+00 0.000000000000000000e+00
3.648553989254511160e-02 2.588716153509150811e-02 3.435496794871795156e+00 0.000000000000000000e+00
3.516358960993015009e-02 2.598216912995737413e-02 3.395432692307692069e+00 0.000000000000000000e+00
3.394000822057326866e-02 2.549387875180213897e-02 3.295272435897436125e+00 0.000000000000000000e+00
3.412332397718460114e-02 2.565739380243496973e-02 3.215144230769230393e+00 0.000000000000000000e+00
3.582859801080746226e-02 2.515265839293790232e-02 3.335336538461538325e+00 0.000000000000000000e+00
3.288005180179308373e-02 2.560244534069146954e-02 3.205128205128204844e+00 0.000000000000000000e+00
3.369168922878228861e-02 2.519996971405373890e-02 3.245192307692307931e+00 0.000000000000000000e+00
3.437554107931179576e-02 2.507212040468286343e-02 3.295272435897436125e+00 0.000000000000000000e+00
3.405071100076803581e-02 2.490210337922550005e-02 3.275240384615384581e+00 0.000000000000000000e+00
3.299865214966046789e-02 2.500403096051647886e-02 3.335336538461538325e+00 0.000000000000000000e+00
3.357737840941318885e-02 2.471855943962836255e-02 3.345352564102563875e+00 0.000000000000000000e+00
3.379392105703934307e-02 2.480349416892306882e-02 3.255208333333333481e+00 0.000000000000000000e+00
3.186208506425221992e-02 2.516872914305004483e-02 3.265224358974359031e+00 0.000000000000000000e+00
3.252606370892280330e-02 2.484954501657436407e-02 3.245192307692307931e+00 0.000000000000000000e+00
3.229473902581211919e-02 2.475540344722760092e-02 3.275240384615384581e+00 0.000000000000000000e+00
3.376362245911971455e-02 2.495181815436062212e-02 3.235176282051282382e+00 0.000000000000000000e+00
3.104945819060771911e-02 2.506781076021397103e-02 3.285256410256410575e+00 0.000000000000000000e+00
3.220196574544294948e-02 2.474810663933077817e-02 3.345352564102563875e+00 0.000000000000000000e+00
3.213684256069171408e-02 2.486335372444815200e-02 3.305288461538461675e+00 0.000000000000000000e+00
3.211902225246796028e-02 2.490384328382042045e-02 3.345352564102563875e+00 0.000000000000000000e+00
3.285380104222358766e-02 2.483289688527106492e-02 3.415464743589743168e+00 0.000000000000000000e+00
3.206613465236165389e-02 2.469110110989556836e-02 3.325320512820512775e+00 0.000000000000000000e+00
3.103547934920359783e-02 2.499031165065482632e-02 3.305288461538461675e+00 0.000000000000000000e+00
3.152987647515077124e-02 2.485444036742242430e-02 3.345352564102563875e+00 0.000000000000000000e+00
3.073893048060246172e-02 2.444717547712991004e-02 3.285256410256410575e+00 0.000000000000000000e+00
3.215842384797257952e-02 2.464462024494050441e-02 3.285256410256410575e+00 0.000000000000000000e+00
3.171315853698895848e-02 2.405801463502053178e-02 3.195112179487179294e+00 0.000000000000000000e+00
3.059115595160386350e-02 2.468153318533530469e-02 3.255208333333333481e+00 0.000000000000000000e+00
3.190256983567124616e-02 2.447356180383417762e-02 3.305288461538461675e+00 0.000000000000000000e+00
3.235899430150405293e-02 2.421709116046818350e-02 3.165064102564102200e+00 0.000000000000000000e+00
3.286616828961250181e-02 2.444037038665742428e-02 3.305288461538461675e+00 0.000000000000000000e+00
3.212801706141386188e-02 2.433768318942150857e-02 3.175080128205128194e+00 0.000000000000000000e+00
3.054740547369688003e-02 2.436415225159949821e-02 3.265224358974359031e+00 0.000000000000000000e+00
3.185048021185092615e-02 2.413077578127670667e-02 3.265224358974359031e+00 0.000000000000000000e+00
2.943949684357414012e-02 2.405085972247597570e-02 3.185096153846153744e+00 0.000000000000000000e+00
2.902233669868646559e-02 2.447545912582427263e-02 3.245192307692307931e+00 0.000000000000000000e+00
2.901064300049956135e-02 2.437467588326678800e-02 3.195112179487179294e+00 0.000000000000000000e+00
2.950737708940719822e-02 2.417669198416078080e-02 3.195112179487179294e+00 0.000000000000000000e+00
2.984836575790093469e-02 2.424589393791766467e-02 3.245192307692307931e+00 0.000000000000000000e+00
2.937942445994569732e-02 2.394304251393828548e-02 3.165064102564102200e+00 0.000000000000000000e+00
2.996431725720564640e-02 2.417485338325301922e-02 3.185096153846153744e+00 0.000000000000000000e+00
3.075615013352571425e-02 2.408864403453965866e-02 3.315304487179487225e+00 0.000000000000000000e+00
2.938130358234047890e-02 2.394036282725536813e-02 3.155048076923076650e+00 0.000000000000000000e+00
3.120956042160590374e-02 2.402596892371105033e-02 3.305288461538461675e+00 0.000000000000000000e+00
3.005313752696682147e-02 2.398698949941601224e-02 3.104967948717948900e+00 0.000000000000000000e+00
2.977967092719597739e-02 2.362815789484347395e-02 3.185096153846153744e+00 0.000000000000000000e+00
3.067499473213385411e-02 2.412278003966769960e-02 3.165064102564102200e+00 0.000000000000000000e+00
2.904394762112926312e-02 2.396805801739295208e-02 3.104967948717948900e+00 0.000000000000000000e+00
2.834910463589506227e-02 2.391495986077456920e-02 3.125000000000000000e+00 0.000000000000000000e+00
3.053117744051492971e-02 2.356924904952159908e-02 3.084935897435897800e+00 0.000000000000000000e+00
2.932107517830072341e-02 2.428574820992369585e-02 3.245192307692307931e+00 0.000000000000000000e+00
2.937045716083584723e-02 2.418473029795747617e-02 3.215144230769230393e+00 0.000000000000000000e+00
2.961480686775384841e-02 2.365617579720818986e-02 3.094951923076923350e+00 0.000000000000000000e+00
2.765974272281313678e-02 2.412925707176327705e-02 3.155048076923076650e+00 0.000000000000000000e+00
2.964174002408981323e-02 2.360950603496092190e-02 3.114983974358974450e+00 0.000000000000000000e+00
2.826932910829782486e-02 2.350498552625187101e-02 3.104967948717948900e+00 0.000000000000000000e+00
2.763352270882863185e-02 2.360639106989718614e-02 3.155048076923076650e+00 0.000000000000000000e+00
2.934444335122139008e-02 2.386086504870595787e-02 3.185096153846153744e+00 0.000000000000000000e+00
2.885937494918321827e-02 2.322130766547977551e-02 3.064903846153845812e+00 0.000000000000000000e+00
2.938143694056914376e-02 2.346029379763282102e-02 3.165064102564102200e+00 0.000000000000000000e+00
2.801715445298796903e-02 2.333852926639314734e-02 3.125000000000000000e+00 0.000000000000000000e+00
2.755113160954071952e-02 2.331945858597277849e-02 3.125000000000000000e+00 0.000000000000000000e+00
3.034881262395244458e-02 2.372943760098841781e-02 3.145032051282051100e+00 0.000000000000000000e+00
2.840096850951130680e-02 2.373805681530099729e-02 3.255208333333333481e+00 0.000000000000000000e+00
2.887499806447288778e-02 2.384654369252996522e-02 3.195112179487179294e+00 0.000000000000000000e+00
2.892084106898460544e-02 2.348141493245911593e-02 3.125000000000000000e+00 0.000000000000000000e+00
2.774118307309272891e-02 2.338639979447739575e-02 3.104967948717948900e+00 0.000000000000000000e+00
2.728678397117898988e-02 2.366158902012289317e-02 3.114983974358974450e+00 0.000000000000000000e+00
2.850138215730205551e-02 2.338451164989517259e-02 3.125000000000000000e+00 0.000000000000000000e+00
2.877791394264652206e-02 2.313259881115160149e-02 3.165064102564102200e+00 0.000000000000000000e+00
2.874068624507158248e-02 2.292835674374005955e-02 3.054887820512820262e+00 0.000000000000000000e+00
2.903526679923136913e-02 2.346417041292461758e-02 3.094951923076923350e+00 0.000000000000000000e+00
2.708572019130373737e-02 2.361424904292783525e-02 3.114983974358974450e+00 0.000000000000000000e+00
2.785006275352759283e-02 2.391294890847534688e-02 3.185096153846153744e+00 0.000000000000000000e+00
2.775284089148044586e-02 2.341370757382649562e-02 3.114983974358974450e+00 0.000000000000000000e+00
2.744626567866175620e-02 2.379343861069243768e-02 3.145032051282051100e+00 0.000000000000000000e+00
2.663433167319267242e-02 2.350730946412882966e-02 3.135016025641025550e+00 0.000000000000000000e+00
2.780259714629023521e-02 2.390390316931865003e-02 3.135016025641025550e+00 0.000000000000000000e+00
2.758943549811075993e-02 2.355977230203839395e-02 3.165064102564102200e+00 0.000000000000000000e+00
2.839795042736789968e-02 2.345580483177820211e-02 3.125000000000000000e+00 0.000000000000000000e+00
2.851251659628290316e-02 2.310333386935198297e-02 3.104967948717948900e+00 0.000000000000000000e+00
2.788987353396339339e-02 2.366040163906291127e-02 3.145032051282051100e+00 0.000000000000000000e+00
2.771142867799752940e-02 2.365175971630005536e-02 3.094951923076923350e+00 0.000000000000000000e+00
2.706242987933831293e-02 2.295720917083179588e-02 3.094951923076923350e+00 0.000000000000000000e+00
2.751820684912113096e-02 2.349039015825837851e-02 3.054887820512820262e+00 0.000000000000000000e+00
2.693778472260022899e-02 2.378999198882434524e-02 3.215144230769230393e+00 0.000000000000000000e+00
2.765978075181826576e-02 2.338956169581088429e-02 3.064903846153845812e+00 0.000000000000000000e+00
2.652482222765684128e-02 2.339081979917887605e-02 3.114983974358974450e+00 0.000000000000000000e+00
2.931531540189798168e-02 2.378136981039857129e-02 3.165064102564102200e+00 0.000000000000000000e+00
2.690039105856647725e-02 2.352511117276616034e-02 3.104967948717948900e+00 0.000000000000000000e+00
2.727721592124838015e-02 2.393136580343334374e-02 3.155048076923076650e+00 0.000000000000000000e+00
2.685806509823753310e-02 2.361869231726114460e-02 3.145032051282051100e+00 0.000000000000000000e+00
2.707934988519320255e-02 2.351685146239992225e-02 3.084935897435897800e+00 0.000000000000000000e+00
2.809582632751419021e-02 2.344358162446998420e-02 3.024839743589743613e+00 0.000000000000000000e+00
2.659018203401221705e-02 2.332850964590668305e-02 3.135016025641025550e+00 0.000000000000000000e+00
2.748332529639204228e-02 2.320682609197086479e-02 3.054887820512820262e+00 0.000000000000000000e+00
2.704528731126815827e-02 2.323259964573364325e-02 3.074919871794871806e+00 0.000000000000000000e+00
2.781421141937757274e-02 2.320614380863471327e-02 3.024839743589743613e+00 0.000000000000000000e+00
2.770123836130667858e-02 2.316068618510587138e-02 2.974759615384615419e+00 0.000000000000000000e+00
2.582127147187025101e-02 2.336150529280973595e-02 3.125000000000000000e+00 0.000000000000000000e+00
2.620044227641744536e-02 2.292659012779879948e-02 3.094951923076923350e+00 0.000000000000000000e+00
2.661360042074169957e-02 2.305435362862996024e-02 3.004807692307692513e+00 0.000000000000000000e+00
2.706833473908213522e-02 2.275021543326333912e-02 3.024839743589743613e+00 0.000000000000000000e+00
2.653590943186711140e-02 2.302130868730063729e-02 3.024839743589743613e+00 0.000000000000000000e+00
2.624438937084797030e-02 2.323613354924302168e-02 3.014823717948718063e+00 0.000000000000000000e+00
2.665431701984161128e-02 2.298012271207064763e-02 3.034855769230769162e+00 0.000000000000000000e+00
2.591661299363924933e-02 2.295274755511528264e-02 2.964743589743589425e+00 0.000000000000000000e+00
2.748027944173186271e-02 2.327956830581220243e-02 3.004807692307692513e+00 0.000000000000000000e+00
2.782001296201577420e-02 2.324059139041659977e-02 3.004807692307692513e+00 0.000000000000000000e+00
2.645647586681521696e-02 2.307394990482582522e-02 2.994791666666666963e+00 0.000000000000000000e+00
2.606439270461216942e-02 2.286642905808268858e-02 3.034855769230769162e+00 0.000000000000000000e+00
2.820271590294746306e-02 2.316958966473929224e-02 2.994791666666666963e+00 0.000000000000000000e+00
2.556886330533486226e-02 2.335431852724212040e-02 3.044871794871794712e+00 0.000000000000000000e+00
2.518256639058773227e-02 2.294949523340433090e-02 2.884615384615384581e+00 0.000000000000000000e+00
2.643622016199888292e-02 2.331200400247978796e-02 3.034855769230769162e+00 0.000000000000000000e+00
2.658335218588129059e-02 2.345561757325553137e-02 3.074919871794871806e+00 0.000000000000000000e+00
2.603930710122371456e-02 2.288272138087986407e-02 2.984775641025640969e+00 0.000000000000000000e+00
