# Epoch, LR, Training Loss, Validation Loss, Validation Error, Best Epoch, Best Validation Error, Test Loss, Test Error
1.000000000000000000e+00 5.000000000000000104e-03 6.186694681644440141e-01 3.384775572862380733e-01 3.579727564102563520e+01 1.000000000000000000e+00 3.579727564102563520e+01 3.391869813203811646e-01 3.698918269230769340e+01
2.000000000000000000e+00 4.774962930107180294e-03 3.598252025319308989e-01 3.479618644103025793e-01 4.355969551282051100e+01 1.000000000000000000e+00 3.579727564102563520e+01 3.391869813203811646e-01 3.698918269230769340e+01
3.000000000000000000e+00 4.560054196779549270e-03 3.594074823507448779e-01 3.410543096371186356e-01 3.092948717948718240e+01 3.000000000000000000e+00 3.092948717948718240e+01 3.422323664029439105e-01 3.464543269230769340e+01
4.000000000000000000e+00 4.354817949780404041e-03 3.591543593784657928e-01 3.397924334574968230e-01 3.618790064102563520e+01 3.000000000000000000e+00 3.092948717948718240e+01 3.422323664029439105e-01 3.464543269230769340e+01
5.000000000000000000e+00 4.158818855513356227e-03 3.588609790656624998e-01 3.421517499746420388e-01 5.434695512820513130e+01 3.000000000000000000e+00 3.092948717948718240e+01 3.422323664029439105e-01 3.464543269230769340e+01
6.000000000000000000e+00 3.971641173621408630e-03 3.584704803257453554e-01 3.413144074953519125e-01 5.879407051282051810e+01 3.000000000000000000e+00 3.092948717948718240e+01 3.422323664029439105e-01 3.464543269230769340e+01
7.000000000000000000e+00 3.792887875145920136e-03 3.579767855202279359e-01 3.369716161336654414e-01 4.984975961538461320e+01 3.000000000000000000e+00 3.092948717948718240e+01 3.422323664029439105e-01 3.464543269230769340e+01
8.000000000000000000e+00 3.622179800374951755e-03 3.571572388090738515e-01 3.346440081412975776e-01 5.026041666666666430e+01 3.000000000000000000e+00 3.092948717948718240e+01 3.422323664029439105e-01 3.464543269230769340e+01
9.000000000000000000e+00 3.459154854594683956e-03 3.559119159855493875e-01 3.442716525915341386e-01 7.958733974358975161e+01 3.000000000000000000e+00 3.092948717948718240e+01 3.422323664029439105e-01 3.464543269230769340e+01
1.000000000000000000e+01 3.303467240037981714e-03 3.538267382761327018e-01 3.335665078499378544e-01 5.810296474358974450e+01 3.000000000000000000e+00 3.092948717948718240e+01 3.422323664029439105e-01 3.464543269230769340e+01
1.100000000000000000e+01 3.154786722400968173e-03 3.507017769464632617e-01 3.420516015627445561e-01 7.263621794871795601e+01 3.000000000000000000e+00 3.092948717948718240e+01 3.422323664029439105e-01 3.464543269230769340e+01
1.200000000000000000e+01 3.012797930371790677e-03 3.456199960737693644e-01 3.394433695536393514e-01 7.258613782051281760e+01 3.000000000000000000e+00 3.092948717948718240e+01 3.422323664029439105e-01 3.464543269230769340e+01
1.300000000000000000e+01 2.877199686685786781e-03 3.386770301475757750e-01 3.524423199586378952e-01 7.864583333333334281e+01 3.000000000000000000e+00 3.092948717948718240e+01 3.422323664029439105e-01 3.464543269230769340e+01
1.400000000000000000e+01 2.747704369288124938e-03 3.289850881186927034e-01 3.461313102489862459e-01 7.340745192307693401e+01 3.000000000000000000e+00 3.092948717948718240e+01 3.422323664029439105e-01 3.464543269230769340e+01
1.500000000000000000e+01 2.624037301248865334e-03 3.164654281808108593e-01 3.829553100543144351e-01 8.253205128205127039e+01 3.000000000000000000e+00 3.092948717948718240e+01 3.422323664029439105e-01 3.464543269230769340e+01
1.600000000000000000e+01 2.505936168136363613e-03 3.016102051589547028e-01 4.012337109217277153e-01 8.335336538461538680e+01 3.000000000000000000e+00 3.092948717948718240e+01 3.422323664029439105e-01 3.464543269230769340e+01
1.700000000000000000e+01 2.393150461613193988e-03 2.865233214890084423e-01 4.056299451069954043e-01 8.058894230769230660e+01 3.000000000000000000e+00 3.092948717948718240e+01 3.422323664029439105e-01 3.464543269230769340e+01
1.800000000000000000e+01 2.285440948074377379e-03 2.714625459982127897e-01 4.078328032524157765e-01 7.910657051282051100e+01 3.000000000000000000e+00 3.092948717948718240e+01 3.422323664029439105e-01 3.464543269230769340e+01
1.900000000000000000e+01 2.182579161200832226e-03 2.578155175578303315e-01 4.169782358102309128e-01 7.789463141025640880e+01 3.000000000000000000e+00 3.092948717948718240e+01 3.422323664029439105e-01 3.464543269230769340e+01
2.000000000000000000e+01 2.084346917351679370e-03 2.454958536276003189e-01 4.432413027836726305e-01 8.052884615384616041e+01 3.000000000000000000e+00 3.092948717948718240e+01 3.422323664029439105e-01 3.464543269230769340e+01
2.100000000000000000e+01 1.990535852767488442e-03 2.347553582816589157e-01 4.517803184497050650e-01 8.085937500000000000e+01 3.000000000000000000e+00 3.092948717948718240e+01 3.422323664029439105e-01 3.464543269230769340e+01
2.200000000000000000e+01 1.900946981602808080e-03 2.256868178524622237e-01 5.446626742680867883e-01 8.377403846153845279e+01 3.000000000000000000e+00 3.092948717948718240e+01 3.422323664029439105e-01 3.464543269230769340e+01
2.300000000000000000e+01 1.815390273850508735e-03 2.183430652792860693e-01 4.807940499904828080e-01 8.030849358974359120e+01 3.000000000000000000e+00 3.092948717948718240e+01 3.422323664029439105e-01 3.464543269230769340e+01
2.400000000000000000e+01 1.733684252262660290e-03 2.114586036743187347e-01 5.455635724923549867e-01 8.471554487179486159e+01 3.000000000000000000e+00 3.092948717948718240e+01 3.422323664029439105e-01 3.464543269230769340e+01
2.500000000000000000e+01 1.655655607412957623e-03 2.057331862246117860e-01 5.470813486056450570e-01 8.392427884615383959e+01 3.000000000000000000e+00 3.092948717948718240e+01 3.422323664029439105e-01 3.464543269230769340e+01
2.600000000000000000e+01 1.581138830084191866e-03 2.006856118760457774e-01 5.647844817393865569e-01 8.363381410256410220e+01 3.000000000000000000e+00 3.092948717948718240e+01 3.422323664029439105e-01 3.464543269230769340e+01
2.700000000000000000e+01 1.509975860201010238e-03 1.960861704698423080e-01 5.374611577926537986e-01 8.247195512820513841e+01 3.000000000000000000e+00 3.092948717948718240e+01 3.422323664029439105e-01 3.464543269230769340e+01
2.800000000000000000e+01 1.442015751563305130e-03 1.927361566119077663e-01 5.225357050314928253e-01 8.118990384615383959e+01 3.000000000000000000e+00 3.092948717948718240e+01 3.422323664029439105e-01 3.464543269230769340e+01
2.900000000000000000e+01 1.377114351669085374e-03 1.895092513503097986e-01 5.049091054078860275e-01 7.977764423076922640e+01 3.000000000000000000e+00 3.092948717948718240e+01 3.422323664029439105e-01 3.464543269230769340e+01
3.000000000000000000e+01 1.315133995947693037e-03 1.863210475662859522e-01 5.354149051201648746e-01 8.151041666666665719e+01 3.000000000000000000e+00 3.092948717948718240e+01 3.422323664029439105e-01 3.464543269230769340e+01
3.100000000000000000e+01 1.255943215754792104e-03 1.839108327903398732e-01 5.342903225085674501e-01 8.135016025641024839e+01 3.000000000000000000e+00 3.092948717948718240e+01 3.422323664029439105e-01 3.464543269230769340e+01
3.200000000000000000e+01 1.199416459509747334e-03 1.805869383055989374e-01 5.566054796561216156e-01 8.275240384615383959e+01 3.000000000000000000e+00 3.092948717948718240e+01 3.422323664029439105e-01 3.464543269230769340e+01
3.300000000000000000e+01 1.145433826383888574e-03 1.784675030083191227e-01 5.499787097557996551e-01 8.212139423076922640e+01 3.000000000000000000e+00 3.092948717948718240e+01 3.422323664029439105e-01 3.464543269230769340e+01
3.400000000000000000e+01 1.093880811974778195e-03 1.759903041691315007e-01 5.550186358965359945e-01 8.160056089743589780e+01 3.000000000000000000e+00 3.092948717948718240e+01 3.422323664029439105e-01 3.464543269230769340e+01
3.500000000000000000e+01 1.044648065427021674e-03 1.744896535466357035e-01 5.431941697994867591e-01 8.121995192307693401e+01 3.000000000000000000e+00 3.092948717948718240e+01 3.422323664029439105e-01 3.464543269230769340e+01
3.600000000000000000e+01 9.976311574844416285e-04 1.725887708547638733e-01 5.694611408771612648e-01 8.298277243589743080e+01 3.000000000000000000e+00 3.092948717948718240e+01 3.422323664029439105e-01 3.464543269230769340e+01
3.700000000000000000e+01 9.527303589816253984e-04 1.706302236493040803e-01 5.624472105350249995e-01 8.184094551282051100e+01 3.000000000000000000e+00 3.092948717948718240e+01 3.422323664029439105e-01 3.464543269230769340e+01
3.800000000000000000e+01 9.098504293049934893e-04 1.691726920808233892e-01 5.571264433555114248e-01 8.144030448717948900e+01 3.000000000000000000e+00 3.092948717948718240e+01 3.422323664029439105e-01 3.464543269230769340e+01
3.900000000000000000e+01 8.689004143746894334e-04 1.675455904588466771e-01 5.672669383959892953e-01 8.219150641025640880e+01 3.000000000000000000e+00 3.092948717948718240e+01 3.422323664029439105e-01 3.464543269230769340e+01
4.000000000000000000e+01 8.297934537187819483e-04 1.668619840610318095e-01 5.842584169063812505e-01 8.246193910256410220e+01 3.000000000000000000e+00 3.092948717948718240e+01 3.422323664029439105e-01 3.464543269230769340e+01
4.100000000000000000e+01 7.924465962305583420e-04 1.651979121129687200e-01 5.730401739860192523e-01 8.170072115384616041e+01 3.000000000000000000e+00 3.092948717948718240e+01 3.422323664029439105e-01 3.464543269230769340e+01
4.200000000000000000e+01 7.567806242181056731e-04 1.637209286050098633e-01 5.776459907109920966e-01 8.255208333333334281e+01 3.000000000000000000e+00 3.092948717948718240e+01 3.422323664029439105e-01 3.464543269230769340e+01
4.300000000000000000e+01 7.227198853729652943e-04 1.630440860259823599e-01 5.683495280070182121e-01 8.142027243589743080e+01 3.000000000000000000e+00 3.092948717948718240e+01 3.422323664029439105e-01 3.464543269230769340e+01
4.400000000000000000e+01 6.901921323014439513e-04 1.614394302230055811e-01 5.838111478548783095e-01 8.248197115384616041e+01 3.000000000000000000e+00 3.092948717948718240e+01 3.422323664029439105e-01 3.464543269230769340e+01
4.500000000000000000e+01 6.591283692782050558e-04 1.603648417243143387e-01 5.697024101630235871e-01 8.156049679487179560e+01 3.000000000000000000e+00 3.092948717948718240e+01 3.422323664029439105e-01 3.464543269230769340e+01
4.600000000000000000e+01 6.294627058970850460e-04 1.598976972808198171e-01 6.031442830959955481e-01 8.186097756410256920e+01 3.000000000000000000e+00 3.092948717948718240e+01 3.422323664029439105e-01 3.464543269230769340e+01
4.700000000000000000e+01 6.011322173087079107e-04 1.589715895674577439e-01 5.810372049991900933e-01 8.183092948717948900e+01 3.000000000000000000e+00 3.092948717948718240e+01 3.422323664029439105e-01 3.464543269230769340e+01
4.800000000000000000e+01 5.740768107484427434e-04 1.582947137879162358e-01 5.830359237316327103e-01 8.270232371794872961e+01 3.000000000000000000e+00 3.092948717948718240e+01 3.422323664029439105e-01 3.464543269230769340e+01
4.900000000000000000e+01 5.482390980715938760e-04 1.572270478780676550e-01 5.857426642607419520e-01 8.243189102564102200e+01 3.000000000000000000e+00 3.092948717948718240e+01 3.422323664029439105e-01 3.464543269230769340e+01
5.000000000000000000e+01 5.235642740254511105e-04 1.563870669865026763e-01 5.907062880503826108e-01 8.269230769230769340e+01 3.000000000000000000e+00 3.092948717948718240e+01 3.422323664029439105e-01 3.464543269230769340e+01
5.100000000000000000e+01 5.000000000000013115e-04 1.560989921049373841e-01 5.882464322524193490e-01 8.218149038461538680e+01 3.000000000000000000e+00 3.092948717948718240e+01 3.422323664029439105e-01 3.464543269230769340e+01
5.200000000000000000e+01 4.774962930107192545e-04 1.550988054675299932e-01 5.890520933346871102e-01 8.218149038461538680e+01 3.000000000000000000e+00 3.092948717948718240e+01 3.422323664029439105e-01 3.464543269230769340e+01
5.300000000000000000e+01 4.560054196779561196e-04 1.538607073448053086e-01 5.868327938593350668e-01 8.210136217948718240e+01 3.000000000000000000e+00 3.092948717948718240e+01 3.422323664029439105e-01 3.464543269230769340e+01
5.400000000000000000e+01 4.354817949780415533e-04 1.533079301983844844e-01 5.926004174428108895e-01 8.229166666666665719e+01 3.000000000000000000e+00 3.092948717948718240e+01 3.422323664029439105e-01 3.464543269230769340e+01
5.500000000000000000e+01 4.158818855513366853e-04 1.532713893891834711e-01 6.080602686374615429e-01 8.246193910256410220e+01 3.000000000000000000e+00 3.092948717948718240e+01 3.422323664029439105e-01 3.464543269230769340e+01
5.600000000000000000e+01 3.971641173621419038e-04 1.518163935258621255e-01 6.052405329851003879e-01 8.272235576923077360e+01 3.000000000000000000e+00 3.092948717948718240e+01 3.422323664029439105e-01 3.464543269230769340e+01
5.700000000000000000e+01 3.792887875145930111e-04 1.515987457480372502e-01 5.885543120213043711e-01 8.157051282051281760e+01 3.000000000000000000e+00 3.092948717948718240e+01 3.422323664029439105e-01 3.464543269230769340e+01
5.800000000000000000e+01 3.622179800374961079e-04 1.513876065248396241e-01 6.086162000130383998e-01 8.293269230769230660e+01 3.000000000000000000e+00 3.092948717948718240e+01 3.422323664029439105e-01 3.464543269230769340e+01
5.900000000000000000e+01 3.459154854594693063e-04 1.512865452323018112e-01 5.980113568978432381e-01 8.213141025641024839e+01 3.000000000000000000e+00 3.092948717948718240e+01 3.422323664029439105e-01 3.464543269230769340e+01
6.000000000000000000e+01 3.303467240037990496e-04 1.502332395169793111e-01 6.071945849137428963e-01 8.243189102564102200e+01 3.000000000000000000e+00 3.092948717948718240e+01 3.422323664029439105e-01 3.464543269230769340e+01
6.100000000000000000e+01 3.154786722400976305e-04 1.502248367340099644e-01 5.977797890320802887e-01 8.218149038461538680e+01 3.000000000000000000e+00 3.092948717948718240e+01 3.422323664029439105e-01 3.464543269230769340e+01
6.200000000000000000e+01 3.012797930371798700e-04 1.493598462968337703e-01 6.046240643048897967e-01 8.232171474358975161e+01 3.000000000000000000e+00 3.092948717948718240e+01 3.422323664029439105e-01 3.464543269230769340e+01
6.300000000000000000e+01 2.877199686685794045e-04 1.490589177099669871e-01 6.016205220650403529e-01 8.208133012820513841e+01 3.000000000000000000e+00 3.092948717948718240e+01 3.422323664029439105e-01 3.464543269230769340e+01
6.400000000000000000e+01 2.747704369288131985e-04 1.483535253601830084e-01 6.065156284051064217e-01 8.267227564102563520e+01 3.000000000000000000e+00 3.092948717948718240e+01 3.422323664029439105e-01 3.464543269230769340e+01
6.500000000000000000e+01 2.624037301248871730e-04 1.480590517564517594e-01 6.081921450602703061e-01 8.262219551282051100e+01 3.000000000000000000e+00 3.092948717948718240e+01 3.422323664029439105e-01 3.464543269230769340e+01
6.600000000000000000e+01 2.505936168136369685e-04 1.482477630420429016e-01 6.026635353381817328e-01 8.212139423076922640e+01 3.000000000000000000e+00 3.092948717948718240e+01 3.422323664029439105e-01 3.464543269230769340e+01
6.700000000000000000e+01 2.393150461613199735e-04 1.471689178267630016e-01 6.085473069777855848e-01 8.232171474358975161e+01 3.000000000000000000e+00 3.092948717948718240e+01 3.422323664029439105e-01 3.464543269230769340e+01
6.800000000000000000e+01 2.285440948074382800e-04 1.469235319189909073e-01 6.044271664741711625e-01 8.191105769230769340e+01 3.000000000000000000e+00 3.092948717948718240e+01 3.422323664029439105e-01 3.464543269230769340e+01
6.900000000000000000e+01 2.182579161200837322e-04 1.466190897110031810e-01 6.174598458485726082e-01 8.235176282051281760e+01 3.000000000000000000e+00 3.092948717948718240e+01 3.422323664029439105e-01 3.464543269230769340e+01
7.000000000000000000e+01 2.084346917351684303e-04 1.462943016392428686e-01 6.078402912005399505e-01 8.235176282051281760e+01 3.000000000000000000e+00 3.092948717948718240e+01 3.422323664029439105e-01 3.464543269230769340e+01
7.100000000000000000e+01 1.990535852767493267e-04 1.460608768572167759e-01 6.117186454626230008e-01 8.233173076923077360e+01 3.000000000000000000e+00 3.092948717948718240e+01 3.422323664029439105e-01 3.464543269230769340e+01
7.200000000000000000e+01 1.900946981602812688e-04 1.462327942797323477e-01 6.071003545553256275e-01 8.194110576923077360e+01 3.000000000000000000e+00 3.092948717948718240e+01 3.422323664029439105e-01 3.464543269230769340e+01
7.300000000000000000e+01 1.815390273850513235e-04 1.458366928122392381e-01 6.054968436559041711e-01 8.196113782051281760e+01 3.000000000000000000e+00 3.092948717948718240e+01 3.422323664029439105e-01 3.464543269230769340e+01
7.400000000000000000e+01 1.733684252262664410e-04 1.452905747948623205e-01 6.095483417694385064e-01 8.219150641025640880e+01 3.000000000000000000e+00 3.092948717948718240e+01 3.422323664029439105e-01 3.464543269230769340e+01
7.500000000000000000e+01 1.655655607412961472e-04 1.450835770586641760e-01 6.119108910744006646e-01 8.201121794871795601e+01 3.000000000000000000e+00 3.092948717948718240e+01 3.422323664029439105e-01 3.464543269230769340e+01
7.600000000000000000e+01 1.581138830084195389e-04 1.446815991183606487e-01 6.115935414265363246e-01 8.254206730769230660e+01 3.000000000000000000e+00 3.092948717948718240e+01 3.422323664029439105e-01 3.464543269230769340e+01
7.700000000000000000e+01 1.509975860201013599e-04 1.444148044033748413e-01 6.140988430915734764e-01 8.265224358974359120e+01 3.000000000000000000e+00 3.092948717948718240e+01 3.422323664029439105e-01 3.464543269230769340e+01
7.800000000000000000e+01 1.442015751563308166e-04 1.445241974076119928e-01 6.159020326076409813e-01 8.219150641025640880e+01 3.000000000000000000e+00 3.092948717948718240e+01 3.422323664029439105e-01 3.464543269230769340e+01
7.900000000000000000e+01 1.377114351669088247e-04 1.442407256764609569e-01 6.165912701533391438e-01 8.226161858974359120e+01 3.000000000000000000e+00 3.092948717948718240e+01 3.422323664029439105e-01 3.464543269230769340e+01
8.000000000000000000e+01 1.315133995947695856e-04 1.441642741786270665e-01 6.209147136944991319e-01 8.228165064102563520e+01 3.000000000000000000e+00 3.092948717948718240e+01 3.422323664029439105e-01 3.464543269230769340e+01
8.100000000000000000e+01 1.255943215754794923e-04 1.439051938129634334e-01 6.146060274197504558e-01 8.196113782051281760e+01 3.000000000000000000e+00 3.092948717948718240e+01 3.422323664029439105e-01 3.464543269230769340e+01
8.200000000000000000e+01 1.199416459509749963e-04 1.437070683008286887e-01 6.194559572598873354e-01 8.262219551282051100e+01 3.000000000000000000e+00 3.092948717948718240e+01 3.422323664029439105e-01 3.464543269230769340e+01
8.300000000000000000e+01 1.145433826383891041e-04 1.433803210352979085e-01 6.230318485162197328e-01 8.261217948717948900e+01 3.000000000000000000e+00 3.092948717948718240e+01 3.422323664029439105e-01 3.464543269230769340e+01
8.400000000000000000e+01 1.093880811974780662e-04 1.433784463601868453e-01 6.178415119647979736e-01 8.226161858974359120e+01 3.000000000000000000e+00 3.092948717948718240e+01 3.422323664029439105e-01 3.464543269230769340e+01
8.500000000000000000e+01 1.044648065427023978e-04 1.430371985021160752e-01 6.211764713128408166e-01 8.259214743589743080e+01 3.000000000000000000e+00 3.092948717948718240e+01 3.422323664029439105e-01 3.464543269230769340e+01
8.600000000000000000e+01 9.976311574844438511e-05 1.428290497602485998e-01 6.221820857280340178e-01 8.239182692307693401e+01 3.000000000000000000e+00 3.092948717948718240e+01 3.422323664029439105e-01 3.464543269230769340e+01
8.700000000000000000e+01 9.527303589816274584e-05 1.429757934154533838e-01 6.152805494956481436e-01 8.190104166666665719e+01 3.000000000000000000e+00 3.092948717948718240e+01 3.422323664029439105e-01 3.464543269230769340e+01
8.800000000000000000e+01 9.098504293049955222e-05 1.426327036829983241e-01 6.231424243022234410e-01 8.238181089743589780e+01 3.000000000000000000e+00 3.092948717948718240e+01 3.422323664029439105e-01 3.464543269230769340e+01
8.900000000000000000e+01 8.689004143746914121e-05 1.423383996980946142e-01 6.240269251358814273e-01 8.247195512820513841e+01 3.000000000000000000e+00 3.092948717948718240e+01 3.422323664029439105e-01 3.464543269230769340e+01
9.000000000000000000e+01 8.297934537187838728e-05 1.429803850992423797e-01 6.227599191359984854e-01 8.248197115384616041e+01 3.000000000000000000e+00 3.092948717948718240e+01 3.422323664029439105e-01 3.464543269230769340e+01
9.100000000000000000e+01 7.924465962305602123e-05 1.422951930724992986e-01 6.221160315550290365e-01 8.223157051282051100e+01 3.000000000000000000e+00 3.092948717948718240e+01 3.422323664029439105e-01 3.464543269230769340e+01
9.200000000000000000e+01 7.567806242181073808e-05 1.421968755198688150e-01 6.244238691452221879e-01 8.255208333333334281e+01 3.000000000000000000e+00 3.092948717948718240e+01 3.422323664029439105e-01 3.464543269230769340e+01
9.300000000000000000e+01 7.227198853729669748e-05 1.420118356805022131e-01 6.226978233227362658e-01 8.239182692307693401e+01 3.000000000000000000e+00 3.092948717948718240e+01 3.422323664029439105e-01 3.464543269230769340e+01
9.400000000000000000e+01 6.901921323014455776e-05 1.416851608309804000e-01 6.206103143019553459e-01 8.221153846153845279e+01 3.000000000000000000e+00 3.092948717948718240e+01 3.422323664029439105e-01 3.464543269230769340e+01
9.500000000000000000e+01 6.591283692782065465e-05 1.419039677555967993e-01 6.205031772454580041e-01 8.221153846153845279e+01 3.000000000000000000e+00 3.092948717948718240e+01 3.422323664029439105e-01 3.464543269230769340e+01
9.600000000000000000e+01 6.294627058970865639e-05 1.413427564429073913e-01 6.266440084347357775e-01 8.253205128205127039e+01 3.000000000000000000e+00 3.092948717948718240e+01 3.422323664029439105e-01 3.464543269230769340e+01
9.700000000000000000e+01 6.011322173087093338e-05 1.414298069368048472e-01 6.251060909185653935e-01 8.250200320512820440e+01 3.000000000000000000e+00 3.092948717948718240e+01 3.422323664029439105e-01 3.464543269230769340e+01
9.800000000000000000e+01 5.740768107484441800e-05 1.415588840842247065e-01 6.314953122383508699e-01 8.253205128205127039e+01 3.000000000000000000e+00 3.092948717948718240e+01 3.422323664029439105e-01 3.464543269230769340e+01
9.900000000000000000e+01 5.482390980715952177e-05 1.419193872773065745e-01 6.271696258813906910e-01 8.246193910256410220e+01 3.000000000000000000e+00 3.092948717948718240e+01 3.422323664029439105e-01 3.464543269230769340e+01
1.000000000000000000e+02 5.235642740254523844e-05 1.412828681490770066e-01 6.244490964290423385e-01 8.242187500000000000e+01 3.000000000000000000e+00 3.092948717948718240e+01 3.422323664029439105e-01 3.464543269230769340e+01
1.010000000000000000e+02 5.000000000000025312e-05 1.410437120533571120e-01 6.238098824635530670e-01 8.234174679487179560e+01 3.000000000000000000e+00 3.092948717948718240e+01 3.422323664029439105e-01 3.464543269230769340e+01
1.020000000000000000e+02 4.774962930107204065e-05 1.413170620799064636e-01 6.242407438082572257e-01 8.249198717948718240e+01 3.000000000000000000e+00 3.092948717948718240e+01 3.422323664029439105e-01 3.464543269230769340e+01
1.030000000000000000e+02 4.560054196779571902e-05 1.415422231322381597e-01 6.283739262666457881e-01 8.244190705128204399e+01 3.000000000000000000e+00 3.092948717948718240e+01 3.422323664029439105e-01 3.464543269230769340e+01
1.040000000000000000e+02 4.354817949780425833e-05 1.411892092809444443e-01 6.296780308087667200e-01 8.271233974358975161e+01 3.000000000000000000e+00 3.092948717948718240e+01 3.422323664029439105e-01 3.464543269230769340e+01
1.050000000000000000e+02 4.158818855513376881e-05 1.411208617614536642e-01 6.276916685776833260e-01 8.261217948717948900e+01 3.000000000000000000e+00 3.092948717948718240e+01 3.422323664029439105e-01 3.464543269230769340e+01
1.060000000000000000e+02 3.971641173621428660e-05 1.407157657168260356e-01 6.280755568773318531e-01 8.258213141025640880e+01 3.000000000000000000e+00 3.092948717948718240e+01 3.422323664029439105e-01 3.464543269230769340e+01
1.070000000000000000e+02 3.792887875145938920e-05 1.409185362480035730e-01 6.280468954489781819e-01 8.244190705128204399e+01 3.000000000000000000e+00 3.092948717948718240e+01 3.422323664029439105e-01 3.464543269230769340e+01
1.080000000000000000e+02 3.622179800374969346e-05 1.409664261631849436e-01 6.257078617047040492e-01 8.242187500000000000e+01 3.000000000000000000e+00 3.092948717948718240e+01 3.422323664029439105e-01 3.464543269230769340e+01
1.090000000000000000e+02 3.459154854594700924e-05 1.409658041123936778e-01 6.251923327262585151e-01 8.221153846153845279e+01 3.000000000000000000e+00 3.092948717948718240e+01 3.422323664029439105e-01 3.464543269230769340e+01
1.100000000000000000e+02 3.303467240037997950e-05 1.411043102421411788e-01 6.273872134013053214e-01 8.245192307692306599e+01 3.000000000000000000e+00 3.092948717948718240e+01 3.422323664029439105e-01 3.464543269230769340e+01
1.110000000000000000e+02 3.154786722400983623e-05 1.408921299911126968e-01 6.298415011320358525e-01 8.241185897435897800e+01 3.000000000000000000e+00 3.092948717948718240e+01 3.422323664029439105e-01 3.464543269230769340e+01
1.120000000000000000e+02 3.012797930371805544e-05 1.407996409549945871e-01 6.259852166359241021e-01 8.261217948717948900e+01 3.000000000000000000e+00 3.092948717948718240e+01 3.422323664029439105e-01 3.464543269230769340e+01
1.130000000000000000e+02 2.877199686685800821e-05 1.402650933985302995e-01 6.265023236091320502e-01 8.239182692307693401e+01 3.000000000000000000e+00 3.092948717948718240e+01 3.422323664029439105e-01 3.464543269230769340e+01
1.140000000000000000e+02 2.747704369288138287e-05 1.404144356345257971e-01 6.259189316859612440e-01 8.231169871794872961e+01 3.000000000000000000e+00 3.092948717948718240e+01 3.422323664029439105e-01 3.464543269230769340e+01
1.150000000000000000e+02 2.624037301248877897e-05 1.404296458494372346e-01 6.276637713114420203e-01 8.241185897435897800e+01 3.000000000000000000e+00 3.092948717948718240e+01 3.422323664029439105e-01 3.464543269230769340e+01
1.160000000000000000e+02 2.505936168136375784e-05 1.405213829039073659e-01 6.260618880773202166e-01 8.243189102564102200e+01 3.000000000000000000e+00 3.092948717948718240e+01 3.422323664029439105e-01 3.464543269230769340e+01
1.170000000000000000e+02 2.393150461613205427e-05 1.404714084071357061e-01 6.295025952351398502e-01 8.236177884615383959e+01 3.000000000000000000e+00 3.092948717948718240e+01 3.422323664029439105e-01 3.464543269230769340e+01
1.180000000000000000e+02 2.285440948074388357e-05 1.404501185184571788e-01 6.271659533182779578e-01 8.233173076923077360e+01 3.000000000000000000e+00 3.092948717948718240e+01 3.422323664029439105e-01 3.464543269230769340e+01
1.190000000000000000e+02 2.182579161200842540e-05 1.407609607751776626e-01 6.261258262854355605e-01 8.229166666666665719e+01 3.000000000000000000e+00 3.092948717948718240e+01 3.422323664029439105e-01 3.464543269230769340e+01
1.200000000000000000e+02 2.084346917351689114e-05 1.404693543002372702e-01 6.259240385813590324e-01 8.227163461538461320e+01 3.000000000000000000e+00 3.092948717948718240e+01 3.422323664029439105e-01 3.464543269230769340e+01
1.210000000000000000e+02 1.990535852767497943e-05 1.403776968579466822e-01 6.251919185503934662e-01 8.235176282051281760e+01 3.000000000000000000e+00 3.092948717948718240e+01 3.422323664029439105e-01 3.464543269230769340e+01
1.220000000000000000e+02 1.900946981602817364e-05 1.404989730657600910e-01 6.315041535939925899e-01 8.265224358974359120e+01 3.000000000000000000e+00 3.092948717948718240e+01 3.422323664029439105e-01 3.464543269230769340e+01
1.230000000000000000e+02 1.815390273850517504e-05 1.402110178296158971e-01 6.275664224074437580e-01 8.225160256410256920e+01 3.000000000000000000e+00 3.092948717948718240e+01 3.422323664029439105e-01 3.464543269230769340e+01
1.240000000000000000e+02 1.733684252262668543e-05 1.401922040051076512e-01 6.272327877007998209e-01 8.253205128205127039e+01 3.000000000000000000e+00 3.092948717948718240e+01 3.422323664029439105e-01 3.464543269230769340e+01
1.250000000000000000e+02 1.655655607412965334e-05 1.403044961392879431e-01 6.296987609985547074e-01 8.264222756410256920e+01 3.000000000000000000e+00 3.092948717948718240e+01 3.422323664029439105e-01 3.464543269230769340e+01
1.260000000000000000e+02 1.581138830084199252e-05 1.405415007617415446e-01 6.287247699040633409e-01 8.257211538461538680e+01 3.000000000000000000e+00 3.092948717948718240e+01 3.422323664029439105e-01 3.464543269230769340e+01
1.270000000000000000e+02 1.509975860201017393e-05 1.401545453725791535e-01 6.305299309583810574e-01 8.242187500000000000e+01 3.000000000000000000e+00 3.092948717948718240e+01 3.422323664029439105e-01 3.464543269230769340e+01
1.280000000000000000e+02 1.442015751563311961e-05 1.403785692119016992e-01 6.274508253121987567e-01 8.230168269230769340e+01 3.000000000000000000e+00 3.092948717948718240e+01 3.422323664029439105e-01 3.464543269230769340e+01
1.290000000000000000e+02 1.377114351669091805e-05 1.404095986449137023e-01 6.271517185064462430e-01 8.221153846153845279e+01 3.000000000000000000e+00 3.092948717948718240e+01 3.422323664029439105e-01 3.464543269230769340e+01
1.300000000000000000e+02 1.315133995947699176e-05 1.399497307837009319e-01 6.302212935227614610e-01 8.243189102564102200e+01 3.000000000000000000e+00 3.092948717948718240e+01 3.422323664029439105e-01 3.464543269230769340e+01
1.310000000000000000e+02 1.255943215754798040e-05 1.399831265937991343e-01 6.286655649160727277e-01 8.232171474358975161e+01 3.000000000000000000e+00 3.092948717948718240e+01 3.422323664029439105e-01 3.464543269230769340e+01
1.320000000000000000e+02 1.199416459509752978e-05 1.402882886914218474e-01 6.293571278070791974e-01 8.242187500000000000e+01 3.000000000000000000e+00 3.092948717948718240e+01 3.422323664029439105e-01 3.464543269230769340e+01
1.330000000000000000e+02 1.145433826383894056e-05 1.398496561115834813e-01 6.318952647539285428e-01 8.253205128205127039e+01 3.000000000000000000e+00 3.092948717948718240e+01 3.422323664029439105e-01 3.464543269230769340e+01
1.340000000000000000e+02 1.093880811974783576e-05 1.399420770566637828e-01 6.279839300192319174e-01 8.245192307692306599e+01 3.000000000000000000e+00 3.092948717948718240e+01 3.422323664029439105e-01 3.464543269230769340e+01
1.350000000000000000e+02 1.044648065427026722e-05 1.400221265852451269e-01 6.311875566458090558e-01 8.238181089743589780e+01 3.000000000000000000e+00 3.092948717948718240e+01 3.422323664029439105e-01 3.464543269230769340e+01
1.360000000000000000e+02 9.976311574844465955e-06 1.401859861685008646e-01 6.289288883025829779e-01 8.263221153846154721e+01 3.000000000000000000e+00 3.092948717948718240e+01 3.422323664029439105e-01 3.464543269230769340e+01
1.370000000000000000e+02 9.527303589816301350e-06 1.397123458363661030e-01 6.281607326788779533e-01 8.249198717948718240e+01 3.000000000000000000e+00 3.092948717948718240e+01 3.422323664029439105e-01 3.464543269230769340e+01
1.380000000000000000e+02 9.098504293049979616e-06 1.397666216260049499e-01 6.295934991958813676e-01 8.266225961538461320e+01 3.000000000000000000e+00 3.092948717948718240e+01 3.422323664029439105e-01 3.464543269230769340e+01
1.390000000000000000e+02 8.689004143746937838e-06 1.398751425852135799e-01 6.315404016237992080e-01 8.244190705128204399e+01 3.000000000000000000e+00 3.092948717948718240e+01 3.422323664029439105e-01 3.464543269230769340e+01
1.400000000000000000e+02 8.297934537187861767e-06 1.396357207945207179e-01 6.282581205551440728e-01 8.236177884615383959e+01 3.000000000000000000e+00 3.092948717948718240e+01 3.422323664029439105e-01 3.464543269230769340e+01
1.410000000000000000e+02 7.924465962305623129e-06 1.400159690074804231e-01 6.298035558981772697e-01 8.236177884615383959e+01 3.000000000000000000e+00 3.092948717948718240e+01 3.422323664029439105e-01 3.464543269230769340e+01
1.420000000000000000e+02 7.567806242181094136e-06 1.399181999629590667e-01 6.274626637116457184e-01 8.235176282051281760e+01 3.000000000000000000e+00 3.092948717948718240e+01 3.422323664029439105e-01 3.464543269230769340e+01
1.430000000000000000e+02 7.227198853729689230e-06 1.397168084797335841e-01 6.310237294588333379e-01 8.245192307692306599e+01 3.000000000000000000e+00 3.092948717948718240e+01 3.422323664029439105e-01 3.464543269230769340e+01
1.440000000000000000e+02 6.901921323014473563e-06 1.402242709405538412e-01 6.300867688961517832e-01 8.245192307692306599e+01 3.000000000000000000e+00 3.092948717948718240e+01 3.422323664029439105e-01 3.464543269230769340e+01
1.450000000000000000e+02 6.591283692782082914e-06 1.399582185578055471e-01 6.297077162143511764e-01 8.230168269230769340e+01 3.000000000000000000e+00 3.092948717948718240e+01 3.422323664029439105e-01 3.464543269230769340e+01
1.460000000000000000e+02 6.294627058970881393e-06 1.399706665517353454e-01 6.309787661601335973e-01 8.252203525641024839e+01 3.000000000000000000e+00 3.092948717948718240e+01 3.422323664029439105e-01 3.464543269230769340e+01
1.470000000000000000e+02 6.011322173087108245e-06 1.401737327255853927e-01 6.311983030575972764e-01 8.234174679487179560e+01 3.000000000000000000e+00 3.092948717948718240e+01 3.422323664029439105e-01 3.464543269230769340e+01
1.480000000000000000e+02 5.740768107484456030e-06 1.399262545494044663e-01 6.325235137572655653e-01 8.258213141025640880e+01 3.000000000000000000e+00 3.092948717948718240e+01 3.422323664029439105e-01 3.464543269230769340e+01
1.490000000000000000e+02 5.482390980715965730e-06 1.391697087302440627e-01 6.298115925911145219e-01 8.234174679487179560e+01 3.000000000000000000e+00 3.092948717948718240e+01 3.422323664029439105e-01 3.464543269230769340e+01
1.500000000000000000e+02 5.235642740254536719e-06 1.402010829892100241e-01 6.310527141277606500e-01 8.244190705128204399e+01 3.000000000000000000e+00 3.092948717948718240e+01 3.422323664029439105e-01 3.464543269230769340e+01
1.510000000000000000e+02 5.000000000000037678e-06 1.394982115706292491e-01 6.314721986269339338e-01 8.248197115384616041e+01 3.000000000000000000e+00 3.092948717948718240e+01 3.422323664029439105e-01 3.464543269230769340e+01
1.520000000000000000e+02 4.774962930107215754e-06 1.398563585630277217e-01 6.292781394261580674e-01 8.229166666666665719e+01 3.000000000000000000e+00 3.092948717948718240e+01 3.422323664029439105e-01 3.464543269230769340e+01
1.530000000000000000e+02 4.560054196779582914e-06 1.398084583805828673e-01 6.334712872138390516e-01 8.265224358974359120e+01 3.000000000000000000e+00 3.092948717948718240e+01 3.422323664029439105e-01 3.464543269230769340e+01
1.540000000000000000e+02 4.354817949780435828e-06 1.400684902035608526e-01 6.278556753427554371e-01 8.239182692307693401e+01 3.000000000000000000e+00 3.092948717948718240e+01 3.422323664029439105e-01 3.464543269230769340e+01
1.550000000000000000e+02 4.158818855513386029e-06 1.398542956971540741e-01 6.299719581237206434e-01 8.228165064102563520e+01 3.000000000000000000e+00 3.092948717948718240e+01 3.422323664029439105e-01 3.464543269230769340e+01
1.560000000000000000e+02 3.971641173621437131e-06 1.395070414717604346e-01 6.329741248717675184e-01 8.256209935897436480e+01 3.000000000000000000e+00 3.092948717948718240e+01 3.422323664029439105e-01 3.464543269230769340e+01
1.570000000000000000e+02 3.792887875145947475e-06 1.398659120790842203e-01 6.296585400899251672e-01 8.247195512820513841e+01 3.000000000000000000e+00 3.092948717948718240e+01 3.422323664029439105e-01 3.464543269230769340e+01
1.580000000000000000e+02 3.622179800374977901e-06 1.400731320424777604e-01 6.331140498320261267e-01 8.249198717948718240e+01 3.000000000000000000e+00 3.092948717948718240e+01 3.422323664029439105e-01 3.464543269230769340e+01
1.590000000000000000e+02 3.459154854594708801e-06 1.397705717421159621e-01 6.348945827056200475e-01 8.261217948717948900e+01 3.000000000000000000e+00 3.092948717948718240e+01 3.422323664029439105e-01 3.464543269230769340e+01
1.600000000000000000e+02 3.303467240038005489e-06 1.396069212657649328e-01 6.318034124680054209e-01 8.261217948717948900e+01 3.000000000000000000e+00 3.092948717948718240e+01 3.422323664029439105e-01 3.464543269230769340e+01
1.610000000000000000e+02 3.154786722400990654e-06 1.396187707781791632e-01 6.289110596363360894e-01 8.231169871794872961e+01 3.000000000000000000e+00 3.092948717948718240e+01 3.422323664029439105e-01 3.464543269230769340e+01
1.620000000000000000e+02 3.012797930371811982e-06 1.401903040343668305e-01 6.282245524418659244e-01 8.240184294871795601e+01 3.000000000000000000e+00 3.092948717948718240e+01 3.422323664029439105e-01 3.464543269230769340e+01
1.630000000000000000e+02 2.877199686685807089e-06 1.398696250486664572e-01 6.304392944543789623e-01 8.247195512820513841e+01 3.000000000000000000e+00 3.092948717948718240e+01 3.422323664029439105e-01 3.464543269230769340e+01
1.640000000000000000e+02 2.747704369288144132e-06 1.394745871788117819e-01 6.340726927304879412e-01 8.255208333333334281e+01 3.000000000000000000e+00 3.092948717948718240e+01 3.422323664029439105e-01 3.464543269230769340e+01
1.650000000000000000e+02 2.624037301248883572e-06 1.393740921667436239e-01 6.309243020338889396e-01 8.257211538461538680e+01 3.000000000000000000e+00 3.092948717948718240e+01 3.422323664029439105e-01 3.464543269230769340e+01
1.660000000000000000e+02 2.505936168136381120e-06 1.397016452034799128e-01 6.301754560226049406e-01 8.229166666666665719e+01 3.000000000000000000e+00 3.092948717948718240e+01 3.422323664029439105e-01 3.464543269230769340e+01
1.670000000000000000e+02 2.393150461613210763e-06 1.398620001790000233e-01 6.302414666383694408e-01 8.232171474358975161e+01 3.000000000000000000e+00 3.092948717948718240e+01 3.422323664029439105e-01 3.464543269230769340e+01
1.680000000000000000e+02 2.285440948074393269e-06 1.397924296557903345e-01 6.309707325238448350e-01 8.233173076923077360e+01 3.000000000000000000e+00 3.092948717948718240e+01 3.422323664029439105e-01 3.464543269230769340e+01
1.690000000000000000e+02 2.182579161200847368e-06 1.397940044177741481e-01 6.285122029292278256e-01 8.265224358974359120e+01 3.000000000000000000e+00 3.092948717948718240e+01 3.422323664029439105e-01 3.464543269230769340e+01
1.700000000000000000e+02 2.084346917351693942e-06 1.394234284031681814e-01 6.320761220577435502e-01 8.261217948717948900e+01 3.000000000000000000e+00 3.092948717948718240e+01 3.422323664029439105e-01 3.464543269230769340e+01
1.710000000000000000e+02 1.990535852767502347e-06 1.397520263929192541e-01 6.313794782528510119e-01 8.261217948717948900e+01 3.000000000000000000e+00 3.092948717948718240e+01 3.422323664029439105e-01 3.464543269230769340e+01
1.720000000000000000e+02 1.900946981602821430e-06 1.398210024143137498e-01 6.340580361011700639e-01 8.253205128205127039e+01 3.000000000000000000e+00 3.092948717948718240e+01 3.422323664029439105e-01 3.464543269230769340e+01
1.730000000000000000e+02 1.815390273850521654e-06 1.396043573756043377e-01 6.277228632034399514e-01 8.254206730769230660e+01 3.000000000000000000e+00 3.092948717948718240e+01 3.422323664029439105e-01 3.464543269230769340e+01
1.740000000000000000e+02 1.733684252262672609e-06 1.395626433375405095e-01 6.300041751983838090e-01 8.240184294871795601e+01 3.000000000000000000e+00 3.092948717948718240e+01 3.422323664029439105e-01 3.464543269230769340e+01
1.750000000000000000e+02 1.655655607412969315e-06 1.395640258927170752e-01 6.326195987371298068e-01 8.274238782051281760e+01 3.000000000000000000e+00 3.092948717948718240e+01 3.422323664029439105e-01 3.464543269230769340e+01
1.760000000000000000e+02 1.581138830084202936e-06 1.395825823450960734e-01 6.322235518541091670e-01 8.261217948717948900e+01 3.000000000000000000e+00 3.092948717948718240e+01 3.422323664029439105e-01 3.464543269230769340e+01
1.770000000000000000e+02 1.509975860201020866e-06 1.395877509764054947e-01 6.309893948909564010e-01 8.245192307692306599e+01 3.000000000000000000e+00 3.092948717948718240e+01 3.422323664029439105e-01 3.464543269230769340e+01
1.780000000000000000e+02 1.442015751563315222e-06 1.392969803294030751e-01 6.345778321608518402e-01 8.279246794871795601e+01 3.000000000000000000e+00 3.092948717948718240e+01 3.422323664029439105e-01 3.464543269230769340e+01
1.790000000000000000e+02 1.377114351669095024e-06 1.398663681091331934e-01 6.318255311403518926e-01 8.261217948717948900e+01 3.000000000000000000e+00 3.092948717948718240e+01 3.422323664029439105e-01 3.464543269230769340e+01
1.800000000000000000e+02 1.315133995947702268e-06 1.397100156218540334e-01 6.292369121160262813e-01 8.259214743589743080e+01 3.000000000000000000e+00 3.092948717948718240e+01 3.422323664029439105e-01 3.464543269230769340e+01
1.810000000000000000e+02 1.255943215754800877e-06 1.397573031848523550e-01 6.340561967629653184e-01 8.264222756410256920e+01 3.000000000000000000e+00 3.092948717948718240e+01 3.422323664029439105e-01 3.464543269230769340e+01
1.820000000000000000e+02 1.199416459509755646e-06 1.396363911105365230e-01 6.326739803338662371e-01 8.240184294871795601e+01 3.000000000000000000e+00 3.092948717948718240e+01 3.422323664029439105e-01 3.464543269230769340e+01
1.830000000000000000e+02 1.145433826383896470e-06 1.399577183149209869e-01 6.317220498354007008e-01 8.250200320512820440e+01 3.000000000000000000e+00 3.092948717948718240e+01 3.422323664029439105e-01 3.464543269230769340e+01
1.840000000000000000e+02 1.093880811974785820e-06 1.398205433495161021e-01 6.330259044965108606e-01 8.283253205128204399e+01 3.000000000000000000e+00 3.092948717948718240e+01 3.422323664029439105e-01 3.464543269230769340e+01
1.850000000000000000e+02 1.044648065427028797e-06 1.398671389171262935e-01 6.308754552633334400e-01 8.222155448717948900e+01 3.000000000000000000e+00 3.092948717948718240e+01 3.422323664029439105e-01 3.464543269230769340e+01
1.860000000000000000e+02 9.976311574844484590e-07 1.396063889672116420e-01 6.312534556939051189e-01 8.249198717948718240e+01 3.000000000000000000e+00 3.092948717948718240e+01 3.422323664029439105e-01 3.464543269230769340e+01
1.870000000000000000e+02 9.527303589816318926e-07 1.399037467815527069e-01 6.302048204801021791e-01 8.243189102564102200e+01 3.000000000000000000e+00 3.092948717948718240e+01 3.422323664029439105e-01 3.464543269230769340e+01
1.880000000000000000e+02 9.098504293049996557e-07 1.397304709001285228e-01 6.324350971442002090e-01 8.271233974358975161e+01 3.000000000000000000e+00 3.092948717948718240e+01 3.422323664029439105e-01 3.464543269230769340e+01
1.890000000000000000e+02 8.689004143746953720e-07 1.395401489443895415e-01 6.317410476696796451e-01 8.252203525641024839e+01 3.000000000000000000e+00 3.092948717948718240e+01 3.422323664029439105e-01 3.464543269230769340e+01
1.900000000000000000e+02 8.297934537187876590e-07 1.392368030439062876e-01 6.298020122907100893e-01 8.247195512820513841e+01 3.000000000000000000e+00 3.092948717948718240e+01 3.422323664029439105e-01 3.464543269230769340e+01
1.910000000000000000e+02 7.924465962305638164e-07 1.399348534098485697e-01 6.259555625609862783e-01 8.244190705128204399e+01 3.000000000000000000e+00 3.092948717948718240e+01 3.422323664029439105e-01 3.464543269230769340e+01
1.920000000000000000e+02 7.567806242181108959e-07 1.395623072436669998e-01 6.319437936330453143e-01 8.251201923076922640e+01 3.000000000000000000e+00 3.092948717948718240e+01 3.422323664029439105e-01 3.464543269230769340e+01
1.930000000000000000e+02 7.227198853729703206e-07 1.395995031951404175e-01 6.298549389227842132e-01 8.235176282051281760e+01 3.000000000000000000e+00 3.092948717948718240e+01 3.422323664029439105e-01 3.464543269230769340e+01
1.940000000000000000e+02 6.901921323014486692e-07 1.394291172303804560e-01 6.349677917284842765e-01 8.258213141025640880e+01 3.000000000000000000e+00 3.092948717948718240e+01 3.422323664029439105e-01 3.464543269230769340e+01
1.950000000000000000e+02 6.591283692782095196e-07 1.398826109563432174e-01 6.291479002206753490e-01 8.218149038461538680e+01 3.000000000000000000e+00 3.092948717948718240e+01 3.422323664029439105e-01 3.464543269230769340e+01
1.960000000000000000e+02 6.294627058970893040e-07 1.397524703930063950e-01 6.333947235193008174e-01 8.243189102564102200e+01 3.000000000000000000e+00 3.092948717948718240e+01 3.422323664029439105e-01 3.464543269230769340e+01
1.970000000000000000e+02 6.011322173087118833e-07 1.397837446230213720e-01 6.320282656412857802e-01 8.252203525641024839e+01 3.000000000000000000e+00 3.092948717948718240e+01 3.422323664029439105e-01 3.464543269230769340e+01
1.980000000000000000e+02 5.740768107484465559e-07 1.393584977017670035e-01 6.290491307393099030e-01 8.242187500000000000e+01 3.000000000000000000e+00 3.092948717948718240e+01 3.422323664029439105e-01 3.464543269230769340e+01
1.990000000000000000e+02 5.482390980715975259e-07 1.391539141354037612e-01 6.292421802496298566e-01 8.255208333333334281e+01 3.000000000000000000e+00 3.092948717948718240e+01 3.422323664029439105e-01 3.464543269230769340e+01
2.000000000000000000e+02 5.235642740254545613e-07 1.394344859006928228e-01 6.326280243885822330e-01 8.273237179487179560e+01 3.000000000000000000e+00 3.092948717948718240e+01 3.422323664029439105e-01 3.464543269230769340e+01
