# Epoch, LR, Training Loss, Validation Loss, Validation Error, Best Epoch, Best Validation Error, Test Loss, Test Error
1.000000000000000000e+00 5.000000000000000104e-03 1.169751156091690003e+00 1.158285215879097940e+00 6.206931089743589069e+01 1.000000000000000000e+00 6.206931089743589069e+01 1.158074890955900438e+00 6.162860576923077360e+01
2.000000000000000000e+00 4.702224258631758878e-03 1.169084720182418824e+00 1.152480391355661160e+00 5.716145833333333570e+01 2.000000000000000000e+00 5.716145833333333570e+01 1.152334092519222253e+00 5.684094551282051810e+01
3.000000000000000000e+00 4.422182595692998597e-03 1.168770360851287826e+00 1.146953455912761211e+00 5.101161858974359120e+01 3.000000000000000000e+00 5.101161858974359120e+01 1.146653861571580890e+00 4.982972756410256920e+01
4.000000000000000000e+00 4.158818855513355360e-03 1.168547889852523891e+00 1.145251630208431237e+00 4.970953525641025550e+01 4.000000000000000000e+00 4.970953525641025550e+01 1.144694450574043509e+00 4.879807692307691980e+01
5.000000000000000000e+00 3.911139781930013035e-03 1.168366330575943079e+00 1.145120944732274770e+00 4.768629807692308020e+01 5.000000000000000000e+00 4.768629807692308020e+01 1.144907644161811344e+00 4.679487179487179560e+01
6.000000000000000000e+00 3.678211272298206793e-03 1.168230706357956006e+00 1.144994874795277839e+00 4.832732371794871540e+01 5.000000000000000000e+00 4.768629807692308020e+01 1.144907644161811344e+00 4.679487179487179560e+01
7.000000000000000000e+00 3.459154854594682655e-03 1.168051983499526880e+00 1.142381849961403129e+00 4.627403846153846700e+01 7.000000000000000000e+00 4.627403846153846700e+01 1.142007596981831075e+00 4.533253205128205110e+01
8.000000000000000000e+00 3.253144374327786130e-03 1.167927671051025351e+00 1.140782403640258069e+00 4.698517628205128460e+01 7.000000000000000000e+00 4.627403846153846700e+01 1.142007596981831075e+00 4.533253205128205110e+01
9.000000000000000000e+00 3.059402878759109878e-03 1.167827085590362524e+00 1.140917949187449931e+00 4.583333333333332860e+01 9.000000000000000000e+00 4.583333333333332860e+01 1.140498444055899618e+00 4.517227564102563520e+01
1.000000000000000000e+01 2.877199686685784612e-03 1.167724604749679651e+00 1.140088735482631677e+00 4.787660256410256920e+01 9.000000000000000000e+00 4.583333333333332860e+01 1.140498444055899618e+00 4.517227564102563520e+01
1.100000000000000000e+01 2.705847632732318302e-03 1.167657323932647762e+00 1.139202131674839968e+00 4.695512820512820440e+01 9.000000000000000000e+00 4.583333333333332860e+01 1.140498444055899618e+00 4.517227564102563520e+01
1.200000000000000000e+01 2.544700475759045007e-03 1.167515839958190860e+00 1.138410028738853219e+00 4.642427884615384670e+01 9.000000000000000000e+00 4.583333333333332860e+01 1.140498444055899618e+00 4.517227564102563520e+01
1.300000000000000000e+01 2.393150461613191820e-03 1.167432262802124088e+00 1.137370433562841177e+00 4.650440705128205110e+01 9.000000000000000000e+00 4.583333333333332860e+01 1.140498444055899618e+00 4.517227564102563520e+01
1.400000000000000000e+01 2.250626031030668415e-03 1.167372828865051337e+00 1.136885774441254382e+00 4.436097756410256920e+01 1.400000000000000000e+01 4.436097756410256920e+01 1.136515473708128221e+00 4.357972756410256920e+01
1.500000000000000000e+01 2.116589664044104310e-03 1.167256239652633587e+00 1.136730460020211941e+00 4.453125000000000000e+01 1.400000000000000000e+01 4.436097756410256920e+01 1.136515473708128221e+00 4.357972756410256920e+01
1.600000000000000000e+01 1.990535852767486274e-03 1.167208243465423623e+00 1.136797120937934391e+00 4.502203525641025550e+01 1.400000000000000000e+01 4.436097756410256920e+01 1.136515473708128221e+00 4.357972756410256920e+01
1.700000000000000000e+01 1.871989194911905744e-03 1.167116409873962368e+00 1.135650219061435706e+00 4.455128205128205110e+01 1.400000000000000000e+01 4.436097756410256920e+01 1.136515473708128221e+00 4.357972756410256920e+01
1.800000000000000000e+01 1.760502600842259787e-03 1.167031059408187854e+00 1.136035214631985424e+00 4.510216346153846700e+01 1.400000000000000000e+01 4.436097756410256920e+01 1.136515473708128221e+00 4.357972756410256920e+01
1.900000000000000000e+01 1.655655607412955671e-03 1.166979609727859524e+00 1.134144908342606062e+00 4.463141025641025550e+01 1.400000000000000000e+01 4.436097756410256920e+01 1.136515473708128221e+00 4.357972756410256920e+01
2.000000000000000000e+01 1.557052792223379955e-03 1.166923439550399788e+00 1.135269764142158744e+00 4.526241987179487580e+01 1.400000000000000000e+01 4.436097756410256920e+01 1.136515473708128221e+00 4.357972756410256920e+01
2.100000000000000000e+01 1.464322282312618484e-03 1.166857480669021507e+00 1.135305346586765296e+00 4.472155448717948900e+01 1.400000000000000000e+01 4.436097756410256920e+01 1.136515473708128221e+00 4.357972756410256920e+01
2.200000000000000000e+01 1.377114351669083423e-03 1.166808931541442940e+00 1.135083753329056977e+00 4.483173076923077360e+01 1.400000000000000000e+01 4.436097756410256920e+01 1.136515473708128221e+00 4.357972756410256920e+01
2.300000000000000000e+01 1.295100102265662068e-03 1.166734964752197179e+00 1.134145496747432702e+00 4.429086538461538680e+01 2.300000000000000000e+01 4.429086538461538680e+01 1.133850409434391970e+00 4.336939102564102200e+01
2.400000000000000000e+01 1.217970223646013461e-03 1.166660533571243219e+00 1.134199681954506156e+00 4.426081730769230660e+01 2.400000000000000000e+01 4.426081730769230660e+01 1.133688023457160465e+00 4.313902243589743080e+01
2.500000000000000000e+01 1.145433826383886623e-03 1.166645021295547480e+00 1.133214651009975427e+00 4.365985576923077360e+01 2.500000000000000000e+01 4.365985576923077360e+01 1.132832169532775879e+00 4.268830128205128460e+01
2.600000000000000000e+01 1.077217345015941919e-03 1.166579096841812158e+00 1.132913251717885261e+00 4.433092948717948900e+01 2.500000000000000000e+01 4.365985576923077360e+01 1.132832169532775879e+00 4.268830128205128460e+01
2.700000000000000000e+01 1.013063506310571838e-03 1.166589834690094030e+00 1.133649199436872479e+00 4.462139423076922640e+01 2.500000000000000000e+01 4.365985576923077360e+01 1.132832169532775879e+00 4.268830128205128460e+01
2.800000000000000000e+01 9.527303589816237721e-04 1.166489436054229722e+00 1.131821714914762023e+00 4.397035256410256920e+01 2.500000000000000000e+01 4.365985576923077360e+01 1.132832169532775879e+00 4.268830128205128460e+01
2.900000000000000000e+01 8.959903611876670606e-04 1.166488554811477618e+00 1.132471518638806574e+00 4.387019230769230660e+01 2.500000000000000000e+01 4.365985576923077360e+01 1.132832169532775879e+00 4.268830128205128460e+01
3.000000000000000000e+01 8.426295223753759323e-04 1.166424753570556749e+00 1.133020118260994913e+00 4.424078525641025550e+01 2.500000000000000000e+01 4.365985576923077360e+01 1.132832169532775879e+00 4.268830128205128460e+01
3.100000000000000000e+01 7.924465962305570410e-04 1.166431774616241368e+00 1.132509028300260789e+00 4.351963141025640880e+01 3.100000000000000000e+01 4.351963141025640880e+01 1.132082862731737860e+00 4.230769230769230660e+01
3.200000000000000000e+01 7.452523216930983336e-04 1.166324877738952548e+00 1.131573463097596877e+00 4.377003205128205110e+01 3.100000000000000000e+01 4.351963141025640880e+01 1.132082862731737860e+00 4.230769230769230660e+01
3.300000000000000000e+01 7.008687091733852709e-04 1.166325823402404760e+00 1.132445077101389641e+00 4.427083333333332860e+01 3.100000000000000000e+01 4.351963141025640880e+01 1.132082862731737860e+00 4.230769230769230660e+01
3.400000000000000000e+01 6.591283692782038631e-04 1.166272394084930442e+00 1.132473444327329881e+00 4.412059294871794890e+01 3.100000000000000000e+01 4.351963141025640880e+01 1.132082862731737860e+00 4.230769230769230660e+01
3.500000000000000000e+01 6.198738815144724801e-04 1.166277605342864954e+00 1.131589632767897369e+00 4.382011217948718240e+01 3.100000000000000000e+01 4.351963141025640880e+01 1.132082862731737860e+00 4.230769230769230660e+01
3.600000000000000000e+01 5.829572005899161464e-04 1.166248765087127603e+00 1.131657371154198177e+00 4.323918269230769340e+01 3.600000000000000000e+01 4.323918269230769340e+01 1.131287993528903968e+00 4.261818910256410220e+01
3.700000000000000000e+01 5.482390980715927918e-04 1.166237767744064291e+00 1.131902263714716916e+00 4.402043269230769340e+01 3.600000000000000000e+01 4.323918269230769340e+01 1.131287993528903968e+00 4.261818910256410220e+01
3.800000000000000000e+01 5.155886372965279253e-04 1.166180053377151582e+00 1.131621638933817620e+00 4.404046474358974450e+01 3.600000000000000000e+01 4.323918269230769340e+01 1.131287993528903968e+00 4.261818910256410220e+01
3.900000000000000000e+01 4.848826795541249504e-04 1.166144651794433607e+00 1.131831337244082691e+00 4.451121794871794890e+01 3.600000000000000000e+01 4.323918269230769340e+01 1.131287993528903968e+00 4.261818910256410220e+01
4.000000000000000000e+01 4.560054196779551438e-04 1.166141061592101957e+00 1.131470739841461182e+00 4.392027243589743080e+01 3.600000000000000000e+01 4.323918269230769340e+01 1.131287993528903968e+00 4.261818910256410220e+01
4.100000000000000000e+01 4.288479492954473129e-04 1.166174131250381496e+00 1.131900189778743737e+00 4.416065705128205110e+01 3.600000000000000000e+01 4.323918269230769340e+01 1.131287993528903968e+00 4.261818910256410220e+01
4.200000000000000000e+01 4.033078460883069392e-04 1.166129167699813785e+00 1.131538869478763587e+00 4.362980769230769340e+01 3.600000000000000000e+01 4.323918269230769340e+01 1.131287993528903968e+00 4.261818910256410220e+01
4.300000000000000000e+01 3.792887875145920895e-04 1.166103456544876016e+00 1.131142148604759701e+00 4.368990384615384670e+01 3.600000000000000000e+01 4.323918269230769340e+01 1.131287993528903968e+00 4.261818910256410220e+01
4.400000000000000000e+01 3.567001875356282992e-04 1.166080655241012565e+00 1.131055348958724505e+00 4.381009615384615330e+01 3.600000000000000000e+01 4.323918269230769340e+01 1.131287993528903968e+00 4.261818910256410220e+01
4.500000000000000000e+01 3.354568549777058018e-04 1.166044279479980572e+00 1.131331054063943631e+00 4.448116987179487580e+01 3.600000000000000000e+01 4.323918269230769340e+01 1.131287993528903968e+00 4.261818910256410220e+01
4.600000000000000000e+01 3.154786722400968173e-04 1.166023284006118876e+00 1.131248292250510934e+00 4.378004807692308020e+01 3.600000000000000000e+01 4.323918269230769340e+01 1.131287993528903968e+00 4.261818910256410220e+01
4.700000000000000000e+01 2.966902931376641604e-04 1.166064162731170750e+00 1.130762914816538567e+00 4.388020833333332860e+01 3.600000000000000000e+01 4.323918269230769340e+01 1.131287993528903968e+00 4.261818910256410220e+01
4.800000000000000000e+01 2.790208587384983827e-04 1.166011450004577732e+00 1.131053819106175418e+00 4.431089743589743080e+01 3.600000000000000000e+01 4.323918269230769340e+01 1.131287993528903968e+00 4.261818910256410220e+01
4.900000000000000000e+01 2.624037301248864683e-04 1.166009084415435826e+00 1.130679868734799864e+00 4.365985576923077360e+01 3.600000000000000000e+01 4.323918269230769340e+01 1.131287993528903968e+00 4.261818910256410220e+01
5.000000000000000000e+01 2.467762370697404494e-04 1.165979965686798181e+00 1.131008637257111316e+00 4.419070512820512420e+01 3.600000000000000000e+01 4.323918269230769340e+01 1.131287993528903968e+00 4.261818910256410220e+01
5.100000000000000000e+01 2.320794416806390827e-04 1.165963269329071128e+00 1.130947414116981742e+00 4.382011217948718240e+01 3.600000000000000000e+01 4.323918269230769340e+01 1.131287993528903968e+00 4.261818910256410220e+01
5.200000000000000000e+01 2.182579161200831088e-04 1.165985504770278958e+00 1.131371569939148669e+00 4.445112179487179560e+01 3.600000000000000000e+01 4.323918269230769340e+01 1.131287993528903968e+00 4.261818910256410220e+01
5.300000000000000000e+01 2.052595335636540690e-04 1.165983954477310292e+00 1.131084240399874208e+00 4.378004807692308020e+01 3.600000000000000000e+01 4.323918269230769340e+01 1.131287993528903968e+00 4.261818910256410220e+01
5.400000000000000000e+01 1.930352716076907764e-04 1.165884684228897017e+00 1.130684997790899038e+00 4.361979166666667140e+01 3.600000000000000000e+01 4.323918269230769340e+01 1.131287993528903968e+00 4.261818910256410220e+01
5.500000000000000000e+01 1.815390273850507814e-04 1.165937548637390186e+00 1.131012106553102248e+00 4.390024038461538680e+01 3.600000000000000000e+01 4.323918269230769340e+01 1.131287993528903968e+00 4.261818910256410220e+01
5.600000000000000000e+01 1.707274436916801782e-04 1.165946182537078935e+00 1.130868289715204478e+00 4.421073717948718240e+01 3.600000000000000000e+01 4.323918269230769340e+01 1.131287993528903968e+00 4.261818910256410220e+01
5.700000000000000000e+01 1.605597454682412329e-04 1.165949413347244334e+00 1.131123626843477004e+00 4.382011217948718240e+01 3.600000000000000000e+01 4.323918269230769340e+01 1.131287993528903968e+00 4.261818910256410220e+01
5.800000000000000000e+01 1.509975860201008991e-04 1.165904449033737134e+00 1.130506923565497868e+00 4.389022435897436480e+01 3.600000000000000000e+01 4.323918269230769340e+01 1.131287993528903968e+00 4.261818910256410220e+01
5.900000000000000000e+01 1.420049023957108266e-04 1.165915365934371950e+00 1.130674155858846897e+00 4.382011217948718240e+01 3.600000000000000000e+01 4.323918269230769340e+01 1.131287993528903968e+00 4.261818910256410220e+01
6.000000000000000000e+01 1.335477793779493044e-04 1.165900142288208041e+00 1.130642047295203678e+00 4.375000000000000000e+01 3.600000000000000000e+01 4.323918269230769340e+01 1.131287993528903968e+00 4.261818910256410220e+01
6.100000000000000000e+01 1.255943215754790586e-04 1.165897587299346894e+00 1.130683798056382416e+00 4.386017628205128460e+01 3.600000000000000000e+01 4.323918269230769340e+01 1.131287993528903968e+00 4.261818910256410220e+01
6.200000000000000000e+01 1.181145331317231363e-04 1.165906282138824412e+00 1.130544749590066678e+00 4.393028846153846700e+01 3.600000000000000000e+01 4.323918269230769340e+01 1.131287993528903968e+00 4.261818910256410220e+01
6.300000000000000000e+01 1.110802045977906277e-04 1.165832056188583321e+00 1.130767440184568651e+00 4.389022435897436480e+01 3.600000000000000000e+01 4.323918269230769340e+01 1.131287993528903968e+00 4.261818910256410220e+01
6.400000000000000000e+01 1.044648065427020183e-04 1.165916572570800724e+00 1.130851374222682004e+00 4.398036858974359120e+01 3.600000000000000000e+01 4.323918269230769340e+01 1.131287993528903968e+00 4.261818910256410220e+01
6.500000000000000000e+01 9.824338949967341449e-05 1.165809206581115642e+00 1.130471098117339368e+00 4.381009615384615330e+01 3.600000000000000000e+01 4.323918269230769340e+01 1.131287993528903968e+00 4.261818910256410220e+01
6.600000000000000000e+01 9.239248987111458526e-05 1.165859804487228368e+00 1.130634405674078469e+00 4.373998397435897800e+01 3.600000000000000000e+01 4.323918269230769340e+01 1.131287993528903968e+00 4.261818910256410220e+01
6.700000000000000000e+01 8.689004143746881595e-05 1.165830477380752628e+00 1.130984734266232250e+00 4.395032051282051100e+01 3.600000000000000000e+01 4.323918269230769340e+01 1.131287993528903968e+00 4.261818910256410220e+01
6.800000000000000000e+01 8.171529213615691238e-05 1.165827018308639440e+00 1.130134321176088807e+00 4.369991987179487580e+01 3.600000000000000000e+01 4.323918269230769340e+01 1.131287993528903968e+00 4.261818910256410220e+01
6.900000000000000000e+01 7.684872579676359846e-05 1.165836966800689600e+00 1.130563628979218249e+00 4.393028846153846700e+01 3.600000000000000000e+01 4.323918269230769340e+01 1.131287993528903968e+00 4.261818910256410220e+01
7.000000000000000000e+01 7.227198853729639933e-05 1.165834904050827125e+00 1.130487408393468618e+00 4.420072115384615330e+01 3.600000000000000000e+01 4.323918269230769340e+01 1.131287993528903968e+00 4.261818910256410220e+01
7.100000000000000000e+01 6.796781954392630196e-05 1.165830480146408110e+00 1.130654443532992603e+00 4.389022435897436480e+01 3.600000000000000000e+01 4.323918269230769340e+01 1.131287993528903968e+00 4.261818910256410220e+01
7.200000000000000000e+01 6.391998597315119647e-05 1.165769259166717475e+00 1.130124246462797410e+00 4.370993589743589780e+01 3.600000000000000000e+01 4.323918269230769340e+01 1.131287993528903968e+00 4.261818910256410220e+01
7.300000000000000000e+01 6.011322173087066233e-05 1.165864704418182463e+00 1.130005854826707123e+00 4.375000000000000000e+01 3.600000000000000000e+01 4.323918269230769340e+01 1.131287993528903968e+00 4.261818910256410220e+01
7.400000000000000000e+01 5.653316989748196324e-05 1.165813428831100396e+00 1.130703048828320734e+00 4.399038461538461320e+01 3.600000000000000000e+01 4.323918269230769340e+01 1.131287993528903968e+00 4.261818910256410220e+01
7.500000000000000000e+01 5.316632858185807800e-05 1.165832152175903413e+00 1.129789352416992188e+00 4.375000000000000000e+01 3.600000000000000000e+01 4.323918269230769340e+01 1.131287993528903968e+00 4.261818910256410220e+01
7.600000000000000000e+01 5.000000000000001595e-05 1.165796256971359357e+00 1.130486181149116032e+00 4.395032051282051100e+01 3.600000000000000000e+01 4.323918269230769340e+01 1.131287993528903968e+00 4.261818910256410220e+01
7.700000000000000000e+01 4.702224258631760206e-05 1.165888396120071446e+00 1.130805260095840925e+00 4.380008012820512420e+01 3.600000000000000000e+01 4.323918269230769340e+01 1.131287993528903968e+00 4.261818910256410220e+01
7.800000000000000000e+01 4.422182595692999600e-05 1.165806333255767768e+00 1.130522741721226687e+00 4.397035256410256920e+01 3.600000000000000000e+01 4.323918269230769340e+01 1.131287993528903968e+00 4.261818910256410220e+01
7.900000000000000000e+01 4.158818855513356553e-05 1.165827128267288293e+00 1.130400789089691882e+00 4.369991987179487580e+01 3.600000000000000000e+01 4.323918269230769340e+01 1.131287993528903968e+00 4.261818910256410220e+01
8.000000000000000000e+01 3.911139781930014471e-05 1.165770502042770440e+00 1.130099625159532550e+00 4.403044871794871540e+01 3.600000000000000000e+01 4.323918269230769340e+01 1.131287993528903968e+00 4.261818910256410220e+01
8.100000000000000000e+01 3.678211272298207959e-05 1.165765465593338046e+00 1.130467399572714804e+00 4.373998397435897800e+01 3.600000000000000000e+01 4.323918269230769340e+01 1.131287993528903968e+00 4.261818910256410220e+01
8.200000000000000000e+01 3.459154854594683983e-05 1.165863343000411945e+00 1.130740356750977282e+00 4.392027243589743080e+01 3.600000000000000000e+01 4.323918269230769340e+01 1.131287993528903968e+00 4.261818910256410220e+01
8.300000000000000000e+01 3.253144374327787160e-05 1.165706109905242815e+00 1.129627001591217761e+00 4.361979166666667140e+01 3.600000000000000000e+01 4.323918269230769340e+01 1.131287993528903968e+00 4.261818910256410220e+01
8.400000000000000000e+01 3.059402878759111125e-05 1.165817824697494398e+00 1.130381353390522481e+00 4.386017628205128460e+01 3.600000000000000000e+01 4.323918269230769340e+01 1.131287993528903968e+00 4.261818910256410220e+01
8.500000000000000000e+01 2.877199686685785913e-05 1.165769803571701013e+00 1.130373591031783587e+00 4.399038461538461320e+01 3.600000000000000000e+01 4.323918269230769340e+01 1.131287993528903968e+00 4.261818910256410220e+01
8.600000000000000000e+01 2.705847632732319685e-05 1.165800294923782454e+00 1.130452886605874063e+00 4.386017628205128460e+01 3.600000000000000000e+01 4.323918269230769340e+01 1.131287993528903968e+00 4.261818910256410220e+01
8.700000000000000000e+01 2.544700475759046227e-05 1.165806185960769570e+00 1.130864669115115406e+00 4.410056089743589780e+01 3.600000000000000000e+01 4.323918269230769340e+01 1.131287993528903968e+00 4.261818910256410220e+01
