# Epoch, LR, Training Loss, Validation Loss, Validation Error, Best Epoch, Best Validation Error, Test Loss, Test Error
1.000000000000000000e+00 5.000000000000000104e-03 1.169440760273634305e+00 1.160356015731126789e+00 7.130408653846154721e+01 1.000000000000000000e+00 7.130408653846154721e+01 1.160411628393026584e+00 7.224559294871795601e+01
2.000000000000000000e+00 4.702224258631758878e-03 1.168921012502931678e+00 1.159481170849922416e+00 7.273637820512820440e+01 1.000000000000000000e+00 7.130408653846154721e+01 1.160411628393026584e+00 7.224559294871795601e+01
3.000000000000000000e+00 4.422182595692998597e-03 1.168861665737918942e+00 1.160234614824637411e+00 7.055288461538461320e+01 3.000000000000000000e+00 7.055288461538461320e+01 1.160138255510574812e+00 6.983173076923077360e+01
4.000000000000000000e+00 4.158818855513355360e-03 1.168814991561459848e+00 1.158567627271016365e+00 7.240584935897436480e+01 3.000000000000000000e+00 7.055288461538461320e+01 1.160138255510574812e+00 6.983173076923077360e+01
5.000000000000000000e+00 3.911139781930013035e-03 1.168810351786326418e+00 1.159260231714982270e+00 7.083333333333334281e+01 3.000000000000000000e+00 7.055288461538461320e+01 1.160138255510574812e+00 6.983173076923077360e+01
6.000000000000000000e+00 3.678211272298206793e-03 1.168752676546191971e+00 1.157461565274458648e+00 7.053285256410256920e+01 6.000000000000000000e+00 7.053285256410256920e+01 1.157215129106472729e+00 7.005208333333334281e+01
7.000000000000000000e+00 3.459154854594682655e-03 1.168676953538584584e+00 1.158954166449033263e+00 7.282652243589743080e+01 6.000000000000000000e+00 7.053285256410256920e+01 1.157215129106472729e+00 7.005208333333334281e+01
8.000000000000000000e+00 3.253144374327786130e-03 1.168645699030306018e+00 1.157770911852518791e+00 6.962139423076922640e+01 8.000000000000000000e+00 6.962139423076922640e+01 1.157525605116135115e+00 6.932091346153845279e+01
9.000000000000000000e+00 3.059402878759109878e-03 1.168620072925289133e+00 1.157974097973261118e+00 7.188501602564102200e+01 8.000000000000000000e+00 6.962139423076922640e+01 1.157525605116135115e+00 6.932091346153845279e+01
1.000000000000000000e+01 2.877199686685784612e-03 1.168560430731877098e+00 1.156106479657001973e+00 6.977163461538461320e+01 8.000000000000000000e+00 6.962139423076922640e+01 1.157525605116135115e+00 6.932091346153845279e+01
1.100000000000000000e+01 2.705847632732318302e-03 1.168501767245206047e+00 1.155506832477373846e+00 6.972155448717948900e+01 8.000000000000000000e+00 6.962139423076922640e+01 1.157525605116135115e+00 6.932091346153845279e+01
1.200000000000000000e+01 2.544700475759045007e-03 1.168431303259963139e+00 1.155631366448524711e+00 6.644631410256410220e+01 1.200000000000000000e+01 6.644631410256410220e+01 1.155593399818126921e+00 6.570512820512820440e+01
1.300000000000000000e+01 2.393150461613191820e-03 1.168416608921544420e+00 1.153170156173217054e+00 6.595552884615383959e+01 1.300000000000000000e+01 6.595552884615383959e+01 1.152933938380999335e+00 6.566506410256410220e+01
1.400000000000000000e+01 2.250626031030668415e-03 1.168359883158216039e+00 1.154410177316421038e+00 6.591546474358975161e+01 1.400000000000000000e+01 6.591546474358975161e+01 1.154157617153265480e+00 6.497395833333334281e+01
1.500000000000000000e+01 2.116589664044104310e-03 1.168249627386867218e+00 1.154532773372454413e+00 6.527443910256410220e+01 1.500000000000000000e+01 6.527443910256410220e+01 1.154086588284908288e+00 6.458333333333334281e+01
1.600000000000000000e+01 1.990535852767486274e-03 1.168188752270233222e+00 1.155403068432441227e+00 7.081330128205127039e+01 1.500000000000000000e+01 6.527443910256410220e+01 1.154086588284908288e+00 6.458333333333334281e+01
1.700000000000000000e+01 1.871989194911905744e-03 1.168125880054566634e+00 1.152963438095190529e+00 6.581530448717948900e+01 1.500000000000000000e+01 6.527443910256410220e+01 1.154086588284908288e+00 6.458333333333334281e+01
1.800000000000000000e+01 1.760502600842259787e-03 1.168170225223414294e+00 1.152525087197621589e+00 6.416266025641024839e+01 1.800000000000000000e+01 6.416266025641024839e+01 1.152232998456710344e+00 6.319110576923077360e+01
1.900000000000000000e+01 1.655655607412955671e-03 1.168148916143155969e+00 1.153298749373509402e+00 7.083333333333334281e+01 1.800000000000000000e+01 6.416266025641024839e+01 1.152232998456710344e+00 6.319110576923077360e+01
2.000000000000000000e+01 1.557052792223379955e-03 1.168107036973389024e+00 1.151980395500476595e+00 6.524439102564102200e+01 1.800000000000000000e+01 6.416266025641024839e+01 1.152232998456710344e+00 6.319110576923077360e+01
2.100000000000000000e+01 1.464322282312618484e-03 1.168028040594694339e+00 1.151454246961153505e+00 6.362179487179486870e+01 2.100000000000000000e+01 6.362179487179486870e+01 1.151069271258818860e+00 6.349158653846154010e+01
2.200000000000000000e+01 1.377114351669083423e-03 1.168018195220053457e+00 1.151433917192312473e+00 6.489383012820513841e+01 2.100000000000000000e+01 6.362179487179486870e+01 1.151069271258818860e+00 6.349158653846154010e+01
2.300000000000000000e+01 1.295100102265662068e-03 1.167961067106293438e+00 1.150918665604713675e+00 6.330128205128205110e+01 2.300000000000000000e+01 6.330128205128205110e+01 1.150658572331453078e+00 6.359174679487179560e+01
2.400000000000000000e+01 1.217970223646013461e-03 1.167876527877226289e+00 1.148916490567036153e+00 6.128806089743589069e+01 2.400000000000000000e+01 6.128806089743589069e+01 1.148944648412557834e+00 6.073717948717948190e+01
2.500000000000000000e+01 1.145433826383886623e-03 1.167826896592993657e+00 1.147339745973929404e+00 5.928485576923077360e+01 2.500000000000000000e+01 5.928485576923077360e+01 1.147387263102409127e+00 6.006610576923077360e+01
2.600000000000000000e+01 1.077217345015941919e-03 1.167749122147676122e+00 1.148827230318998582e+00 6.272035256410256920e+01 2.500000000000000000e+01 5.928485576923077360e+01 1.147387263102409127e+00 6.006610576923077360e+01
2.700000000000000000e+01 1.013063506310571838e-03 1.167681024184452854e+00 1.148735964909578078e+00 5.975560897435897800e+01 2.500000000000000000e+01 5.928485576923077360e+01 1.147387263102409127e+00 6.006610576923077360e+01
2.800000000000000000e+01 9.527303589816237721e-04 1.167620554547303735e+00 1.149866455640548235e+00 6.391225961538461320e+01 2.500000000000000000e+01 5.928485576923077360e+01 1.147387263102409127e+00 6.006610576923077360e+01
2.900000000000000000e+01 8.959903611876670606e-04 1.167618193333341381e+00 1.146805468278053519e+00 5.986578525641025550e+01 2.500000000000000000e+01 5.928485576923077360e+01 1.147387263102409127e+00 6.006610576923077360e+01
3.000000000000000000e+01 8.426295223753759323e-04 1.167542232212428033e+00 1.145405307794228555e+00 5.806290064102563520e+01 3.000000000000000000e+01 5.806290064102563520e+01 1.144889648144061800e+00 5.708133012820513130e+01
3.100000000000000000e+01 7.924465962305570410e-04 1.167517200322218285e+00 1.146388141008523709e+00 6.038661858974359120e+01 3.000000000000000000e+01 5.806290064102563520e+01 1.144889648144061800e+00 5.708133012820513130e+01
3.200000000000000000e+01 7.452523216930983336e-04 1.167492801340227704e+00 1.144014641260489462e+00 5.764222756410256920e+01 3.200000000000000000e+01 5.764222756410256920e+01 1.143543170048640256e+00 5.631009615384615330e+01
3.300000000000000000e+01 7.008687091733852709e-04 1.167457118153419460e+00 1.145651960984254591e+00 5.775240384615384670e+01 3.200000000000000000e+01 5.764222756410256920e+01 1.143543170048640256e+00 5.631009615384615330e+01
3.400000000000000000e+01 6.591283692782038631e-04 1.167368932966996731e+00 1.145802050064771649e+00 6.021634615384615330e+01 3.200000000000000000e+01 5.764222756410256920e+01 1.143543170048640256e+00 5.631009615384615330e+01
3.500000000000000000e+01 6.198738815144724801e-04 1.167323214067539805e+00 1.143679265792553190e+00 5.655048076923077360e+01 3.500000000000000000e+01 5.655048076923077360e+01 1.143471811062250376e+00 5.646033653846154010e+01
3.600000000000000000e+01 5.829572005899161464e-04 1.167284649709733335e+00 1.142477072202242372e+00 5.621995192307692690e+01 3.600000000000000000e+01 5.621995192307692690e+01 1.141939685894892698e+00 5.556891025641025550e+01
3.700000000000000000e+01 5.482390980715927918e-04 1.167225475500548892e+00 1.141005529807164187e+00 5.525841346153845990e+01 3.700000000000000000e+01 5.525841346153845990e+01 1.140529007483751300e+00 5.483774038461538680e+01
3.800000000000000000e+01 5.155886372965279253e-04 1.167189970440809521e+00 1.141052195659050472e+00 5.585937500000000000e+01 3.700000000000000000e+01 5.525841346153845990e+01 1.140529007483751300e+00 5.483774038461538680e+01
3.900000000000000000e+01 4.848826795541249504e-04 1.167065766724673104e+00 1.138856229109641793e+00 5.307491987179486870e+01 3.900000000000000000e+01 5.307491987179486870e+01 1.138446396742111677e+00 5.210336538461538680e+01
4.000000000000000000e+01 4.560054196779551438e-04 1.167016303875076932e+00 1.140104761490455143e+00 5.445713141025640880e+01 3.900000000000000000e+01 5.307491987179486870e+01 1.138446396742111677e+00 5.210336538461538680e+01
4.100000000000000000e+01 4.288479492954473129e-04 1.166943301769896468e+00 1.140814470939147229e+00 5.595953525641025550e+01 3.900000000000000000e+01 5.307491987179486870e+01 1.138446396742111677e+00 5.210336538461538680e+01
4.200000000000000000e+01 4.033078460883069392e-04 1.166959628710826147e+00 1.138285216612693551e+00 5.258413461538461320e+01 4.200000000000000000e+01 5.258413461538461320e+01 1.138037319366748568e+00 5.278445512820513130e+01
4.300000000000000000e+01 3.792887875145920895e-04 1.166816913745772677e+00 1.136387782219128839e+00 5.150240384615384670e+01 4.300000000000000000e+01 5.150240384615384670e+01 1.135990297183012254e+00 5.087139423076922640e+01
4.400000000000000000e+01 3.567001875356282992e-04 1.166712895627211033e+00 1.136657834053039551e+00 5.123197115384615330e+01 4.400000000000000000e+01 5.123197115384615330e+01 1.136723238688248871e+00 5.147235576923077360e+01
4.500000000000000000e+01 3.354568549777058018e-04 1.166662570151110412e+00 1.135889357481247419e+00 5.057091346153845990e+01 4.500000000000000000e+01 5.057091346153845990e+01 1.135729724015944964e+00 5.073116987179486870e+01
4.600000000000000000e+01 3.154786722400968173e-04 1.166634524982808951e+00 1.134446917436061852e+00 5.069110576923077360e+01 4.500000000000000000e+01 5.057091346153845990e+01 1.135729724015944964e+00 5.073116987179486870e+01
4.700000000000000000e+01 2.966902931376641604e-04 1.166479547640425496e+00 1.134205682155413397e+00 5.087139423076922640e+01 4.500000000000000000e+01 5.057091346153845990e+01 1.135729724015944964e+00 5.073116987179486870e+01
4.800000000000000000e+01 2.790208587384983827e-04 1.166421328021377990e+00 1.133906702200571770e+00 4.992988782051281760e+01 4.800000000000000000e+01 4.992988782051281760e+01 1.133634049158829926e+00 4.953926282051281760e+01
4.900000000000000000e+01 2.624037301248864683e-04 1.166352315611479007e+00 1.132534672052432301e+00 5.005008012820513130e+01 4.800000000000000000e+01 4.992988782051281760e+01 1.133634049158829926e+00 4.953926282051281760e+01
5.000000000000000000e+01 2.467762370697404494e-04 1.166330392626275136e+00 1.132832649426582572e+00 4.987980769230769340e+01 5.000000000000000000e+01 4.987980769230769340e+01 1.132485596033242947e+00 4.997996794871794890e+01
5.100000000000000000e+01 2.320794416806390827e-04 1.166209434425021785e+00 1.133253652315873383e+00 5.040064102564102200e+01 5.000000000000000000e+01 4.987980769230769340e+01 1.132485596033242947e+00 4.997996794871794890e+01
5.200000000000000000e+01 2.182579161200831088e-04 1.166170584025975288e+00 1.131772055075718875e+00 4.967948717948718240e+01 5.200000000000000000e+01 4.967948717948718240e+01 1.131410537621913903e+00 4.974959935897436480e+01
5.300000000000000000e+01 2.052595335636540690e-04 1.166098173998687315e+00 1.131359652066842081e+00 4.818709935897436480e+01 5.300000000000000000e+01 4.818709935897436480e+01 1.131167104611030094e+00 4.777644230769230660e+01
5.400000000000000000e+01 1.930352716076907764e-04 1.166032905538927800e+00 1.131248131776467325e+00 4.850761217948718240e+01 5.300000000000000000e+01 4.818709935897436480e+01 1.131167104611030094e+00 4.777644230769230660e+01
5.500000000000000000e+01 1.815390273850507814e-04 1.165897760592715882e+00 1.130228702838604216e+00 4.806690705128205110e+01 5.500000000000000000e+01 4.806690705128205110e+01 1.130059416477496859e+00 4.769631410256410220e+01
5.600000000000000000e+01 1.707274436916801782e-04 1.165867986508124066e+00 1.131319591632256039e+00 4.912860576923077360e+01 5.500000000000000000e+01 4.806690705128205110e+01 1.130059416477496859e+00 4.769631410256410220e+01
5.700000000000000000e+01 1.605597454682412329e-04 1.165714796847173718e+00 1.129353802937727691e+00 4.751602564102563520e+01 5.700000000000000000e+01 4.751602564102563520e+01 1.129150930123451468e+00 4.725560897435897800e+01
5.800000000000000000e+01 1.509975860201008991e-04 1.165689315670736415e+00 1.127499967049329754e+00 4.620392628205128460e+01 5.800000000000000000e+01 4.620392628205128460e+01 1.127103661879514940e+00 4.608373397435897800e+01
5.900000000000000000e+01 1.420049023957108266e-04 1.165579508040839762e+00 1.127467361780313260e+00 4.625400641025640880e+01 5.800000000000000000e+01 4.620392628205128460e+01 1.127103661879514940e+00 4.608373397435897800e+01
6.000000000000000000e+01 1.335477793779493044e-04 1.165510712909332058e+00 1.126499999792147877e+00 4.599358974358974450e+01 6.000000000000000000e+01 4.599358974358974450e+01 1.125998302912100790e+00 4.630408653846153300e+01
6.100000000000000000e+01 1.255943215754790586e-04 1.165445198475475008e+00 1.126274571968958860e+00 4.643429487179487580e+01 6.000000000000000000e+01 4.599358974358974450e+01 1.125998302912100790e+00 4.630408653846153300e+01
6.200000000000000000e+01 1.181145331317231363e-04 1.165400332739044753e+00 1.126654521012917520e+00 4.719551282051281760e+01 6.000000000000000000e+01 4.599358974358974450e+01 1.125998302912100790e+00 4.630408653846153300e+01
6.300000000000000000e+01 1.110802045977906277e-04 1.165384675949697524e+00 1.125251867832281594e+00 4.594350961538461320e+01 6.300000000000000000e+01 4.594350961538461320e+01 1.124733457198509701e+00 4.607371794871794890e+01
6.400000000000000000e+01 1.044648065427020183e-04 1.165184383279382896e+00 1.126417656739552742e+00 4.679487179487179560e+01 6.300000000000000000e+01 4.594350961538461320e+01 1.124733457198509701e+00 4.607371794871794890e+01
6.500000000000000000e+01 9.824338949967341449e-05 1.165157091220728747e+00 1.126262403451479432e+00 4.722556089743589780e+01 6.300000000000000000e+01 4.594350961538461320e+01 1.124733457198509701e+00 4.607371794871794890e+01
6.600000000000000000e+01 9.239248987111458526e-05 1.165035098829281690e+00 1.125870735217363361e+00 4.707532051282051100e+01 6.300000000000000000e+01 4.594350961538461320e+01 1.124733457198509701e+00 4.607371794871794890e+01
6.700000000000000000e+01 8.689004143746881595e-05 1.165023490271403395e+00 1.122785545312441347e+00 4.504206730769230660e+01 6.700000000000000000e+01 4.504206730769230660e+01 1.122635535704783916e+00 4.483173076923077360e+01
6.800000000000000000e+01 8.171529213615691238e-05 1.164971670557991557e+00 1.123455985998496054e+00 4.571314102564102200e+01 6.700000000000000000e+01 4.504206730769230660e+01 1.122635535704783916e+00 4.483173076923077360e+01
6.900000000000000000e+01 7.684872579676359846e-05 1.164897820174159770e+00 1.123354731461940759e+00 4.605368589743589780e+01 6.700000000000000000e+01 4.504206730769230660e+01 1.122635535704783916e+00 4.483173076923077360e+01
7.000000000000000000e+01 7.227198853729639933e-05 1.164814423202094495e+00 1.123421091299790620e+00 4.552283653846153300e+01 6.700000000000000000e+01 4.504206730769230660e+01 1.122635535704783916e+00 4.483173076923077360e+01
7.100000000000000000e+01 6.796781954392630196e-05 1.164774914938722761e+00 1.125220323220277541e+00 4.712540064102563520e+01 6.700000000000000000e+01 4.504206730769230660e+01 1.122635535704783916e+00 4.483173076923077360e+01
7.200000000000000000e+01 6.391998597315119647e-05 1.164745982722039441e+00 1.121337033235109804e+00 4.402043269230769340e+01 7.200000000000000000e+01 4.402043269230769340e+01 1.121142648733579161e+00 4.422075320512820440e+01
7.300000000000000000e+01 6.011322173087066233e-05 1.164591805348780928e+00 1.124063618672199727e+00 4.624399038461538680e+01 7.200000000000000000e+01 4.402043269230769340e+01 1.121142648733579161e+00 4.422075320512820440e+01
7.400000000000000000e+01 5.653316989748196324e-05 1.164600059638102758e+00 1.120333437736217741e+00 4.383012820512820440e+01 7.400000000000000000e+01 4.383012820512820440e+01 1.120134691397349114e+00 4.347956730769230660e+01
7.500000000000000000e+01 5.316632858185807800e-05 1.164561958303830025e+00 1.122217827882522112e+00 4.617387820512820440e+01 7.400000000000000000e+01 4.383012820512820440e+01 1.120134691397349114e+00 4.347956730769230660e+01
7.600000000000000000e+01 5.000000000000001595e-05 1.164549745151846949e+00 1.123758606421641826e+00 4.691506410256410220e+01 7.400000000000000000e+01 4.383012820512820440e+01 1.120134691397349114e+00 4.347956730769230660e+01
7.700000000000000000e+01 4.702224258631760206e-05 1.164515872847255551e+00 1.120503089366815086e+00 4.477163461538461320e+01 7.400000000000000000e+01 4.383012820512820440e+01 1.120134691397349114e+00 4.347956730769230660e+01
7.800000000000000000e+01 4.422182595692999600e-05 1.164343992818180240e+00 1.119895766942929027e+00 4.473157051282051100e+01 7.400000000000000000e+01 4.383012820512820440e+01 1.120134691397349114e+00 4.347956730769230660e+01
7.900000000000000000e+01 4.158818855513356553e-05 1.164309606280430565e+00 1.122675307286091329e+00 4.669471153846153300e+01 7.400000000000000000e+01 4.383012820512820440e+01 1.120134691397349114e+00 4.347956730769230660e+01
8.000000000000000000e+01 3.911139781930014471e-05 1.164217385073477384e+00 1.118961771329243904e+00 4.397035256410256920e+01 7.400000000000000000e+01 4.383012820512820440e+01 1.120134691397349114e+00 4.347956730769230660e+01
8.100000000000000000e+01 3.678211272298207959e-05 1.164275319567105171e+00 1.121430024122580527e+00 4.512219551282051100e+01 7.400000000000000000e+01 4.383012820512820440e+01 1.120134691397349114e+00 4.347956730769230660e+01
8.200000000000000000e+01 3.459154854594683983e-05 1.164188731266197596e+00 1.120288694516206496e+00 4.457131410256410220e+01 7.400000000000000000e+01 4.383012820512820440e+01 1.120134691397349114e+00 4.347956730769230660e+01
8.300000000000000000e+01 3.253144374327787160e-05 1.164080227459286077e+00 1.120433789033156158e+00 4.507211538461538680e+01 7.400000000000000000e+01 4.383012820512820440e+01 1.120134691397349114e+00 4.347956730769230660e+01
8.400000000000000000e+01 3.059402878759111125e-05 1.164091563865866874e+00 1.119328624162918562e+00 4.456129807692308020e+01 7.400000000000000000e+01 4.383012820512820440e+01 1.120134691397349114e+00 4.347956730769230660e+01
8.500000000000000000e+01 2.877199686685785913e-05 1.164059572045842650e+00 1.119004351970476874e+00 4.397035256410256920e+01 7.400000000000000000e+01 4.383012820512820440e+01 1.120134691397349114e+00 4.347956730769230660e+01
8.600000000000000000e+01 2.705847632732319685e-05 1.163992801716935199e+00 1.121808593089763884e+00 4.696514423076922640e+01 7.400000000000000000e+01 4.383012820512820440e+01 1.120134691397349114e+00 4.347956730769230660e+01
8.700000000000000000e+01 2.544700475759046227e-05 1.163970856446768121e+00 1.118938829654302358e+00 4.437099358974359120e+01 7.400000000000000000e+01 4.383012820512820440e+01 1.120134691397349114e+00 4.347956730769230660e+01
8.800000000000000000e+01 2.393150461613192891e-05 1.164034170774735699e+00 1.120102683703104729e+00 4.507211538461538680e+01 7.400000000000000000e+01 4.383012820512820440e+01 1.120134691397349114e+00 4.347956730769230660e+01
8.900000000000000000e+01 2.250626031030669391e-05 1.163869641272878175e+00 1.118886946103511804e+00 4.599358974358974450e+01 7.400000000000000000e+01 4.383012820512820440e+01 1.120134691397349114e+00 4.347956730769230660e+01
9.000000000000000000e+01 2.116589664044105489e-05 1.163816258559306371e+00 1.118099191249945168e+00 4.408052884615384670e+01 7.400000000000000000e+01 4.383012820512820440e+01 1.120134691397349114e+00 4.347956730769230660e+01
9.100000000000000000e+01 1.990535852767487439e-05 1.163859010734875632e+00 1.117725766622103212e+00 4.469150641025640880e+01 7.400000000000000000e+01 4.383012820512820440e+01 1.120134691397349114e+00 4.347956730769230660e+01
9.200000000000000000e+01 1.871989194911906788e-05 1.163758551723367951e+00 1.118168421280689717e+00 4.421073717948718240e+01 7.400000000000000000e+01 4.383012820512820440e+01 1.120134691397349114e+00 4.347956730769230660e+01
9.300000000000000000e+01 1.760502600842260709e-05 1.163789426700406526e+00 1.118840075456179139e+00 4.528245192307691980e+01 7.400000000000000000e+01 4.383012820512820440e+01 1.120134691397349114e+00 4.347956730769230660e+01
9.400000000000000000e+01 1.655655607412956525e-05 1.163935798536342103e+00 1.118906112817617649e+00 4.485176282051281760e+01 7.400000000000000000e+01 4.383012820512820440e+01 1.120134691397349114e+00 4.347956730769230660e+01
9.500000000000000000e+01 1.557052792223380619e-05 1.163806975116802978e+00 1.117610847338651903e+00 4.338942307692308020e+01 9.500000000000000000e+01 4.338942307692308020e+01 1.117853956344800226e+00 4.301883012820512420e+01
9.600000000000000000e+01 1.464322282312619196e-05 1.163726652248568083e+00 1.118638844062120441e+00 4.542267628205128460e+01 9.500000000000000000e+01 4.338942307692308020e+01 1.117853956344800226e+00 4.301883012820512420e+01
9.700000000000000000e+01 1.377114351669084182e-05 1.163658877188356477e+00 1.119284522839081530e+00 4.500200320512820440e+01 9.500000000000000000e+01 4.338942307692308020e+01 1.117853956344800226e+00 4.301883012820512420e+01
9.800000000000000000e+01 1.295100102265662827e-05 1.163717316680620062e+00 1.119097109024341341e+00 4.553285256410256920e+01 9.500000000000000000e+01 4.338942307692308020e+01 1.117853956344800226e+00 4.301883012820512420e+01
9.900000000000000000e+01 1.217970223646014186e-05 1.163695690115954307e+00 1.117970078419416424e+00 4.402043269230769340e+01 9.500000000000000000e+01 4.338942307692308020e+01 1.117853956344800226e+00 4.301883012820512420e+01
1.000000000000000000e+02 1.145433826383887280e-05 1.163705822752929331e+00 1.117767549478090761e+00 4.357972756410256920e+01 9.500000000000000000e+01 4.338942307692308020e+01 1.117853956344800226e+00 4.301883012820512420e+01
1.010000000000000000e+02 1.077217345015942516e-05 1.163687107962926959e+00 1.118619857690273278e+00 4.499198717948718240e+01 9.500000000000000000e+01 4.338942307692308020e+01 1.117853956344800226e+00 4.301883012820512420e+01
1.020000000000000000e+02 1.013063506310572312e-05 1.163598871185288042e+00 1.115796543084658143e+00 4.314903846153846700e+01 1.020000000000000000e+02 4.314903846153846700e+01 1.115521094737908836e+00 4.227764423076922640e+01
1.030000000000000000e+02 9.527303589816242058e-06 1.163660228099774097e+00 1.117561150819827320e+00 4.461137820512820440e+01 1.020000000000000000e+02 4.314903846153846700e+01 1.115521094737908836e+00 4.227764423076922640e+01
1.040000000000000000e+02 8.959903611876674062e-06 1.163616284594493067e+00 1.118561651462163686e+00 4.547275641025640880e+01 1.020000000000000000e+02 4.314903846153846700e+01 1.115521094737908836e+00 4.227764423076922640e+01
1.050000000000000000e+02 8.426295223753762169e-06 1.163594135554285591e+00 1.117770517483735793e+00 4.410056089743589780e+01 1.020000000000000000e+02 4.314903846153846700e+01 1.115521094737908836e+00 4.227764423076922640e+01
1.060000000000000000e+02 7.924465962305572307e-06 1.163565193797806208e+00 1.116507696799742932e+00 4.352964743589743080e+01 1.020000000000000000e+02 4.314903846153846700e+01 1.115521094737908836e+00 4.227764423076922640e+01
1.070000000000000000e+02 7.452523216930985505e-06 1.163551625307940318e+00 1.116976938186547752e+00 4.445112179487179560e+01 1.020000000000000000e+02 4.314903846153846700e+01 1.115521094737908836e+00 4.227764423076922640e+01
1.080000000000000000e+02 7.008687091733854301e-06 1.163610563769688522e+00 1.117643584043551686e+00 4.449118589743589780e+01 1.020000000000000000e+02 4.314903846153846700e+01 1.115521094737908836e+00 4.227764423076922640e+01
1.090000000000000000e+02 6.591283692782039716e-06 1.163486364327380729e+00 1.116507311662038093e+00 4.412059294871794890e+01 1.020000000000000000e+02 4.314903846153846700e+01 1.115521094737908836e+00 4.227764423076922640e+01
1.100000000000000000e+02 6.198738815144725241e-06 1.163512310740584477e+00 1.116529137660295490e+00 4.334935897435897800e+01 1.020000000000000000e+02 4.314903846153846700e+01 1.115521094737908836e+00 4.227764423076922640e+01
1.110000000000000000e+02 5.829572005899161938e-06 1.163563362385948929e+00 1.118475366861392262e+00 4.476161858974359120e+01 1.020000000000000000e+02 4.314903846153846700e+01 1.115521094737908836e+00 4.227764423076922640e+01
1.120000000000000000e+02 5.482390980715928460e-06 1.163426206221806369e+00 1.117985208829243904e+00 4.455128205128205110e+01 1.020000000000000000e+02 4.314903846153846700e+01 1.115521094737908836e+00 4.227764423076922640e+01
1.130000000000000000e+02 5.155886372965279761e-06 1.163489662120345214e+00 1.114381158963227980e+00 4.215745192307691980e+01 1.130000000000000000e+02 4.215745192307691980e+01 1.114664721183287854e+00 4.218750000000000000e+01
1.140000000000000000e+02 4.848826795541249775e-06 1.163367629203845288e+00 1.118927946457496159e+00 4.521233974358974450e+01 1.130000000000000000e+02 4.215745192307691980e+01 1.114664721183287854e+00 4.218750000000000000e+01
1.150000000000000000e+02 4.560054196779551573e-06 1.163424420066740739e+00 1.116825091533171888e+00 4.392027243589743080e+01 1.130000000000000000e+02 4.215745192307691980e+01 1.114664721183287854e+00 4.218750000000000000e+01
1.160000000000000000e+02 4.288479492954473400e-06 1.163437464325742354e+00 1.116287162670722477e+00 4.400040064102563520e+01 1.130000000000000000e+02 4.215745192307691980e+01 1.114664721183287854e+00 4.218750000000000000e+01
1.170000000000000000e+02 4.033078460883069731e-06 1.163435939713721057e+00 1.118286696764138943e+00 4.534254807692308020e+01 1.130000000000000000e+02 4.215745192307691980e+01 1.114664721183287854e+00 4.218750000000000000e+01
1.180000000000000000e+02 3.792887875145921217e-06 1.163422327722385852e+00 1.116066432916201112e+00 4.394030448717948900e+01 1.130000000000000000e+02 4.215745192307691980e+01 1.114664721183287854e+00 4.218750000000000000e+01
1.190000000000000000e+02 3.567001875356283264e-06 1.163373009572413741e+00 1.116526964383247611e+00 4.394030448717948900e+01 1.130000000000000000e+02 4.215745192307691980e+01 1.114664721183287854e+00 4.218750000000000000e+01
1.200000000000000000e+02 3.354568549777058475e-06 1.163421083580363780e+00 1.119665057231218341e+00 4.571314102564102200e+01 1.130000000000000000e+02 4.215745192307691980e+01 1.114664721183287854e+00 4.218750000000000000e+01
1.210000000000000000e+02 3.154786722400968631e-06 1.163415138150604600e+00 1.116870831220577953e+00 4.399038461538461320e+01 1.130000000000000000e+02 4.215745192307691980e+01 1.114664721183287854e+00 4.218750000000000000e+01
1.220000000000000000e+02 2.966902931376642163e-06 1.163420899729417313e+00 1.116970615509228937e+00 4.418068910256410220e+01 1.130000000000000000e+02 4.215745192307691980e+01 1.114664721183287854e+00 4.218750000000000000e+01
1.230000000000000000e+02 2.790208587384984420e-06 1.163499512531998459e+00 1.114678162794846772e+00 4.305889423076922640e+01 1.130000000000000000e+02 4.215745192307691980e+01 1.114664721183287854e+00 4.218750000000000000e+01
1.240000000000000000e+02 2.624037301248864937e-06 1.163356170077330054e+00 1.113464841475853451e+00 4.207732371794871540e+01 1.240000000000000000e+02 4.207732371794871540e+01 1.113662612743866687e+00 4.190705128205128460e+01
1.250000000000000000e+02 2.467762370697404985e-06 1.163427047937078074e+00 1.117582305883749960e+00 4.481169871794871540e+01 1.240000000000000000e+02 4.207732371794871540e+01 1.113662612743866687e+00 4.190705128205128460e+01
1.260000000000000000e+02 2.320794416806391403e-06 1.163340309288987129e+00 1.115071831605373376e+00 4.390024038461538680e+01 1.240000000000000000e+02 4.207732371794871540e+01 1.113662612743866687e+00 4.190705128205128460e+01
1.270000000000000000e+02 2.182579161200831698e-06 1.163350566553855936e+00 1.115375741934164999e+00 4.296875000000000000e+01 1.240000000000000000e+02 4.207732371794871540e+01 1.113662612743866687e+00 4.190705128205128460e+01
1.280000000000000000e+02 2.052595335636541199e-06 1.163333655548462131e+00 1.115045523032163866e+00 4.293870192307691980e+01 1.240000000000000000e+02 4.207732371794871540e+01 1.113662612743866687e+00 4.190705128205128460e+01
1.290000000000000000e+02 1.930352716076908239e-06 1.163321052409622691e+00 1.117581689969087355e+00 4.478165064102563520e+01 1.240000000000000000e+02 4.207732371794871540e+01 1.113662612743866687e+00 4.190705128205128460e+01
1.300000000000000000e+02 1.815390273850508313e-06 1.163380408561794477e+00 1.117744075946318860e+00 4.440104166666667140e+01 1.240000000000000000e+02 4.207732371794871540e+01 1.113662612743866687e+00 4.190705128205128460e+01
1.310000000000000000e+02 1.707274436916802375e-06 1.163414980629494888e+00 1.117314404402023786e+00 4.469150641025640880e+01 1.240000000000000000e+02 4.207732371794871540e+01 1.113662612743866687e+00 4.190705128205128460e+01
1.320000000000000000e+02 1.605597454682412948e-06 1.163409474946167421e+00 1.115140960766718869e+00 4.342948717948718240e+01 1.240000000000000000e+02 4.207732371794871540e+01 1.113662612743866687e+00 4.190705128205128460e+01
1.330000000000000000e+02 1.509975860201009643e-06 1.163351430706727418e+00 1.116834152967501881e+00 4.435096153846153300e+01 1.240000000000000000e+02 4.207732371794871540e+01 1.113662612743866687e+00 4.190705128205128460e+01
1.340000000000000000e+02 1.420049023957108919e-06 1.163286440961644796e+00 1.115631722486936095e+00 4.361979166666667140e+01 1.240000000000000000e+02 4.207732371794871540e+01 1.113662612743866687e+00 4.190705128205128460e+01
1.350000000000000000e+02 1.335477793779493696e-06 1.163321105603524641e+00 1.117952487407586570e+00 4.459134615384615330e+01 1.240000000000000000e+02 4.207732371794871540e+01 1.113662612743866687e+00 4.190705128205128460e+01
1.360000000000000000e+02 1.255943215754791348e-06 1.163324417744342254e+00 1.116226910016475671e+00 4.361979166666667140e+01 1.240000000000000000e+02 4.207732371794871540e+01 1.113662612743866687e+00 4.190705128205128460e+01
1.370000000000000000e+02 1.181145331317232066e-06 1.163322912822459587e+00 1.117983649938534496e+00 4.503205128205128460e+01 1.240000000000000000e+02 4.207732371794871540e+01 1.113662612743866687e+00 4.190705128205128460e+01
1.380000000000000000e+02 1.110802045977906870e-06 1.163265470429663440e+00 1.117219486297705178e+00 4.470152243589743080e+01 1.240000000000000000e+02 4.207732371794871540e+01 1.113662612743866687e+00 4.190705128205128460e+01
1.390000000000000000e+02 1.044648065427020751e-06 1.163297885358715256e+00 1.116447998927189822e+00 4.413060897435897800e+01 1.240000000000000000e+02 4.207732371794871540e+01 1.113662612743866687e+00 4.190705128205128460e+01
1.400000000000000000e+02 9.824338949967346193e-07 1.163376578906128778e+00 1.117147922515869141e+00 4.434094551282051100e+01 1.240000000000000000e+02 4.207732371794871540e+01 1.113662612743866687e+00 4.190705128205128460e+01
1.410000000000000000e+02 9.239248987111462676e-07 1.163390815486981200e+00 1.117666131410843366e+00 4.505208333333332860e+01 1.240000000000000000e+02 4.207732371794871540e+01 1.113662612743866687e+00 4.190705128205128460e+01
1.420000000000000000e+02 8.689004143746884898e-07 1.163317643573433813e+00 1.116021648431435587e+00 4.428084935897436480e+01 1.240000000000000000e+02 4.207732371794871540e+01 1.113662612743866687e+00 4.190705128205128460e+01
1.430000000000000000e+02 8.171529213615694499e-07 1.163405802430019786e+00 1.116475201570070741e+00 4.417067307692308020e+01 1.240000000000000000e+02 4.207732371794871540e+01 1.113662612743866687e+00 4.190705128205128460e+01
1.440000000000000000e+02 7.684872579676363276e-07 1.163306607784901248e+00 1.117090529356247419e+00 4.487179487179487580e+01 1.240000000000000000e+02 4.207732371794871540e+01 1.113662612743866687e+00 4.190705128205128460e+01
1.450000000000000000e+02 7.227198853729643914e-07 1.163231375122802946e+00 1.117673274798270944e+00 4.518229166666667140e+01 1.240000000000000000e+02 4.207732371794871540e+01 1.113662612743866687e+00 4.190705128205128460e+01
1.460000000000000000e+02 6.796781954392633711e-07 1.163339928460334738e+00 1.116912325223286873e+00 4.439102564102563520e+01 1.240000000000000000e+02 4.207732371794871540e+01 1.113662612743866687e+00 4.190705128205128460e+01
1.470000000000000000e+02 6.391998597315123417e-07 1.163370258295276516e+00 1.116272883537488214e+00 4.333934294871794890e+01 1.240000000000000000e+02 4.207732371794871540e+01 1.113662612743866687e+00 4.190705128205128460e+01
1.480000000000000000e+02 6.011322173087069070e-07 1.163270465314159230e+00 1.115965358721904277e+00 4.391025641025640880e+01 1.240000000000000000e+02 4.207732371794871540e+01 1.113662612743866687e+00 4.190705128205128460e+01
1.490000000000000000e+02 5.653316989748199500e-07 1.163271785240319822e+00 1.115890655762109995e+00 4.322916666666667140e+01 1.240000000000000000e+02 4.207732371794871540e+01 1.113662612743866687e+00 4.190705128205128460e+01
1.500000000000000000e+02 5.316632858185810468e-07 1.163287321522965545e+00 1.116045994636339911e+00 4.448116987179487580e+01 1.240000000000000000e+02 4.207732371794871540e+01 1.113662612743866687e+00 4.190705128205128460e+01
