# Epoch, LR, Training Loss, Validation Loss, Validation Error, Best Epoch, Best Validation Error, Test Loss, Test Error
1.000000000000000000e+00 5.000000000000000104e-03 1.170000106327927281e+00 1.164215100117218737e+00 7.451923076923077360e+01 1.000000000000000000e+00 7.451923076923077360e+01 1.164036657565679311e+00 7.295673076923077360e+01
2.000000000000000000e+00 4.702224258631758878e-03 1.169636827437475324e+00 1.164737800757090325e+00 7.549078525641024839e+01 1.000000000000000000e+00 7.451923076923077360e+01 1.164036657565679311e+00 7.295673076923077360e+01
3.000000000000000000e+00 4.422182595692998597e-03 1.169643346283280039e+00 1.164944399625827076e+00 7.755408653846154721e+01 1.000000000000000000e+00 7.451923076923077360e+01 1.164036657565679311e+00 7.295673076923077360e+01
4.000000000000000000e+00 4.158818855513355360e-03 1.169618592122727341e+00 1.164805068419529910e+00 7.469951923076922640e+01 1.000000000000000000e+00 7.451923076923077360e+01 1.164036657565679311e+00 7.295673076923077360e+01
5.000000000000000000e+00 3.911139781930013035e-03 1.169617053085557412e+00 1.164243050110645772e+00 7.907652243589743080e+01 1.000000000000000000e+00 7.451923076923077360e+01 1.164036657565679311e+00 7.295673076923077360e+01
6.000000000000000000e+00 3.678211272298206793e-03 1.169601008507231921e+00 1.163521292882087943e+00 7.036258012820513841e+01 6.000000000000000000e+00 7.036258012820513841e+01 1.163372346988091000e+00 6.987179487179486159e+01
7.000000000000000000e+00 3.459154854594682655e-03 1.169593334634063231e+00 1.164865932403466697e+00 7.313701923076922640e+01 6.000000000000000000e+00 7.036258012820513841e+01 1.163372346988091000e+00 6.987179487179486159e+01
8.000000000000000000e+00 3.253144374327786130e-03 1.169585782150509345e+00 1.164697598188351391e+00 7.740384615384616041e+01 6.000000000000000000e+00 7.036258012820513841e+01 1.163372346988091000e+00 6.987179487179486159e+01
9.000000000000000000e+00 3.059402878759109878e-03 1.169544037640994238e+00 1.163995415736467365e+00 7.204527243589743080e+01 6.000000000000000000e+00 7.036258012820513841e+01 1.163372346988091000e+00 6.987179487179486159e+01
1.000000000000000000e+01 2.877199686685784612e-03 1.169544383222565154e+00 1.163013343627636198e+00 7.158453525641024839e+01 6.000000000000000000e+00 7.036258012820513841e+01 1.163372346988091000e+00 6.987179487179486159e+01
1.100000000000000000e+01 2.705847632732318302e-03 1.169508062762978584e+00 1.163151698234753839e+00 7.389823717948718240e+01 6.000000000000000000e+00 7.036258012820513841e+01 1.163372346988091000e+00 6.987179487179486159e+01
1.200000000000000000e+01 2.544700475759045007e-03 1.169487530693486876e+00 1.162466542843060724e+00 7.231570512820513841e+01 6.000000000000000000e+00 7.036258012820513841e+01 1.163372346988091000e+00 6.987179487179486159e+01
1.300000000000000000e+01 2.393150461613191820e-03 1.169465502702759174e+00 1.161236516940288066e+00 7.066306089743589780e+01 6.000000000000000000e+00 7.036258012820513841e+01 1.163372346988091000e+00 6.987179487179486159e+01
1.400000000000000000e+01 2.250626031030668415e-03 1.169442163028289627e+00 1.162657291461259845e+00 7.127403846153845279e+01 6.000000000000000000e+00 7.036258012820513841e+01 1.163372346988091000e+00 6.987179487179486159e+01
1.500000000000000000e+01 2.116589664044104310e-03 1.169423346765847027e+00 1.161513236852792508e+00 6.826923076923077360e+01 1.500000000000000000e+01 6.826923076923077360e+01 1.161320157540150166e+00 6.740785256410256920e+01
1.600000000000000000e+01 1.990535852767486274e-03 1.169393084612838862e+00 1.161293552472041135e+00 7.051282051282051100e+01 1.500000000000000000e+01 6.826923076923077360e+01 1.161320157540150166e+00 6.740785256410256920e+01
1.700000000000000000e+01 1.871989194911905744e-03 1.169345044577345227e+00 1.160779765019050114e+00 6.974158653846154721e+01 1.500000000000000000e+01 6.826923076923077360e+01 1.161320157540150166e+00 6.740785256410256920e+01
1.800000000000000000e+01 1.760502600842259787e-03 1.169323326356344506e+00 1.161872434310424085e+00 6.924078525641024839e+01 1.500000000000000000e+01 6.826923076923077360e+01 1.161320157540150166e+00 6.740785256410256920e+01
1.900000000000000000e+01 1.655655607412955671e-03 1.169298031965673390e+00 1.160250373375721455e+00 6.634615384615383959e+01 1.900000000000000000e+01 6.634615384615383959e+01 1.160267311793107270e+00 6.576522435897436480e+01
2.000000000000000000e+01 1.557052792223379955e-03 1.169294861772586902e+00 1.161083229077167989e+00 7.151442307692306599e+01 1.900000000000000000e+01 6.634615384615383959e+01 1.160267311793107270e+00 6.576522435897436480e+01
2.100000000000000000e+01 1.464322282312618484e-03 1.169240292861791986e+00 1.159792307095649955e+00 6.761818910256410220e+01 1.900000000000000000e+01 6.634615384615383959e+01 1.160267311793107270e+00 6.576522435897436480e+01
2.200000000000000000e+01 1.377114351669083423e-03 1.169239067246393926e+00 1.158658674130073063e+00 6.553485576923077360e+01 2.200000000000000000e+01 6.553485576923077360e+01 1.158512334028879875e+00 6.448317307692306599e+01
2.300000000000000000e+01 1.295100102265662068e-03 1.169228118033947661e+00 1.158096817823556668e+00 6.484375000000000000e+01 2.300000000000000000e+01 6.484375000000000000e+01 1.157939004592406507e+00 6.416266025641024839e+01
2.400000000000000000e+01 1.217970223646013461e-03 1.169193935437893517e+00 1.158959934344658382e+00 6.580528846153845279e+01 2.300000000000000000e+01 6.484375000000000000e+01 1.157939004592406507e+00 6.416266025641024839e+01
2.500000000000000000e+01 1.145433826383886623e-03 1.169172428272388542e+00 1.157996753851572747e+00 6.380208333333333570e+01 2.500000000000000000e+01 6.380208333333333570e+01 1.157774095351879362e+00 6.305088141025640880e+01
2.600000000000000000e+01 1.077217345015941919e-03 1.169149031418886153e+00 1.156121272307175873e+00 6.082732371794872250e+01 2.600000000000000000e+01 6.082732371794872250e+01 1.156051249076158527e+00 5.987580128205127750e+01
2.700000000000000000e+01 1.013063506310571838e-03 1.169111059744389669e+00 1.156116523803808693e+00 6.174879807692307310e+01 2.600000000000000000e+01 6.082732371794872250e+01 1.156051249076158527e+00 5.987580128205127750e+01
2.800000000000000000e+01 9.527303589816237721e-04 1.169109753729493661e+00 1.157011129917242531e+00 6.176883012820513130e+01 2.600000000000000000e+01 6.082732371794872250e+01 1.156051249076158527e+00 5.987580128205127750e+01
2.900000000000000000e+01 8.959903611876670606e-04 1.169070329249695561e+00 1.156283011803260319e+00 6.247996794871794890e+01 2.600000000000000000e+01 6.082732371794872250e+01 1.156051249076158527e+00 5.987580128205127750e+01
3.000000000000000000e+01 8.426295223753759323e-04 1.169038958673778161e+00 1.156665147879184730e+00 6.239983974358974450e+01 2.600000000000000000e+01 6.082732371794872250e+01 1.156051249076158527e+00 5.987580128205127750e+01
3.100000000000000000e+01 7.924465962305570410e-04 1.169003784683778635e+00 1.154190969772827868e+00 5.818309294871794890e+01 3.100000000000000000e+01 5.818309294871794890e+01 1.154072142564333436e+00 5.774238782051281760e+01
3.200000000000000000e+01 7.452523216930983336e-04 1.168974211186538437e+00 1.155091793109209064e+00 6.203926282051281760e+01 3.100000000000000000e+01 5.818309294871794890e+01 1.154072142564333436e+00 5.774238782051281760e+01
3.300000000000000000e+01 7.008687091733852709e-04 1.168936497499041272e+00 1.153814566441071277e+00 5.965544871794872250e+01 3.100000000000000000e+01 5.818309294871794890e+01 1.154072142564333436e+00 5.774238782051281760e+01
3.400000000000000000e+01 6.591283692782038631e-04 1.168895821894038178e+00 1.153116247592828270e+00 5.937500000000000000e+01 3.100000000000000000e+01 5.818309294871794890e+01 1.154072142564333436e+00 5.774238782051281760e+01
3.500000000000000000e+01 6.198738815144724801e-04 1.168901659442673102e+00 1.153742953752860068e+00 5.764222756410256920e+01 3.500000000000000000e+01 5.764222756410256920e+01 1.153647248561565641e+00 5.724158653846154010e+01
3.600000000000000000e+01 5.829572005899161464e-04 1.168867105864257461e+00 1.152487102227333304e+00 5.824318910256410931e+01 3.500000000000000000e+01 5.764222756410256920e+01 1.153647248561565641e+00 5.724158653846154010e+01
3.700000000000000000e+01 5.482390980715927918e-04 1.168829682378066837e+00 1.154197052503243448e+00 5.960536858974359120e+01 3.500000000000000000e+01 5.764222756410256920e+01 1.153647248561565641e+00 5.724158653846154010e+01
3.800000000000000000e+01 5.155886372965279253e-04 1.168838057116825535e+00 1.152808389602563377e+00 5.730168269230768630e+01 3.800000000000000000e+01 5.730168269230768630e+01 1.152578075726826912e+00 5.684094551282051810e+01
3.900000000000000000e+01 4.848826795541249504e-04 1.168780019580909046e+00 1.151547239376948362e+00 5.490785256410256920e+01 3.900000000000000000e+01 5.490785256410256920e+01 1.151477003708863966e+00 5.495793269230768630e+01
4.000000000000000000e+01 4.560054196779551438e-04 1.168737977838538056e+00 1.151387902406545871e+00 5.503806089743589069e+01 3.900000000000000000e+01 5.490785256410256920e+01 1.151477003708863966e+00 5.495793269230768630e+01
4.100000000000000000e+01 4.288479492954473129e-04 1.168720479964337811e+00 1.150316868072901011e+00 5.741185897435897800e+01 3.900000000000000000e+01 5.490785256410256920e+01 1.151477003708863966e+00 5.495793269230768630e+01
4.200000000000000000e+01 4.033078460883069392e-04 1.168644227772256183e+00 1.149737037145174501e+00 5.448717948717948190e+01 4.200000000000000000e+01 5.448717948717948190e+01 1.149449114616100553e+00 5.353565705128205110e+01
4.300000000000000000e+01 3.792887875145920895e-04 1.168664930343191966e+00 1.149880207501924989e+00 5.392628205128205110e+01 4.300000000000000000e+01 5.392628205128205110e+01 1.149769176275302174e+00 5.378605769230768630e+01
4.400000000000000000e+01 3.567001875356282992e-04 1.168603189579144219e+00 1.149712240084623582e+00 5.407652243589743080e+01 4.300000000000000000e+01 5.392628205128205110e+01 1.149769176275302174e+00 5.378605769230768630e+01
4.500000000000000000e+01 3.354568549777058018e-04 1.168571530001099257e+00 1.148740079158391714e+00 5.332532051282051810e+01 4.500000000000000000e+01 5.332532051282051810e+01 1.148689754498310567e+00 5.318509615384615330e+01
4.600000000000000000e+01 3.154786722400968173e-04 1.168559280061045813e+00 1.150108358798882957e+00 5.617988782051281760e+01 4.500000000000000000e+01 5.332532051282051810e+01 1.148689754498310567e+00 5.318509615384615330e+01
4.700000000000000000e+01 2.966902931376641604e-04 1.168500041165851266e+00 1.147929981732979776e+00 5.332532051282051810e+01 4.700000000000000000e+01 5.332532051282051810e+01 1.147866955170264713e+00 5.328525641025640880e+01
4.800000000000000000e+01 2.790208587384983827e-04 1.168458107513110189e+00 1.146676126198890922e+00 5.088141025641025550e+01 4.800000000000000000e+01 5.088141025641025550e+01 1.146568246376820088e+00 5.054086538461538680e+01
4.900000000000000000e+01 2.624037301248864683e-04 1.168411627718450641e+00 1.146459969190450900e+00 5.239383012820513130e+01 4.800000000000000000e+01 5.088141025641025550e+01 1.146568246376820088e+00 5.054086538461538680e+01
5.000000000000000000e+01 2.467762370697404494e-04 1.168389146111030064e+00 1.145963088060036661e+00 5.100160256410256920e+01 4.800000000000000000e+01 5.088141025641025550e+01 1.146568246376820088e+00 5.054086538461538680e+01
5.100000000000000000e+01 2.320794416806390827e-04 1.168350481910688021e+00 1.145120680332183838e+00 4.940905448717948900e+01 5.100000000000000000e+01 4.940905448717948900e+01 1.144861163237155921e+00 4.905849358974359120e+01
5.200000000000000000e+01 2.182579161200831088e-04 1.168284810401557294e+00 1.144352602653014417e+00 5.022035256410256920e+01 5.100000000000000000e+01 4.940905448717948900e+01 1.144861163237155921e+00 4.905849358974359120e+01
5.300000000000000000e+01 2.052595335636540690e-04 1.168295115818430041e+00 1.143813360960055592e+00 4.861778846153846700e+01 5.300000000000000000e+01 4.861778846153846700e+01 1.143607779955252646e+00 4.842748397435897800e+01
5.400000000000000000e+01 1.930352716076907764e-04 1.168203483175130231e+00 1.143567571273216732e+00 4.947916666666667140e+01 5.300000000000000000e+01 4.861778846153846700e+01 1.143607779955252646e+00 4.842748397435897800e+01
5.500000000000000000e+01 1.815390273850507814e-04 1.168160073551130829e+00 1.143502851327260261e+00 5.022035256410256920e+01 5.300000000000000000e+01 4.861778846153846700e+01 1.143607779955252646e+00 4.842748397435897800e+01
5.600000000000000000e+01 1.707274436916801782e-04 1.168118915549140047e+00 1.143629547877189401e+00 5.007011217948718240e+01 5.300000000000000000e+01 4.861778846153846700e+01 1.143607779955252646e+00 4.842748397435897800e+01
5.700000000000000000e+01 1.605597454682412329e-04 1.168091993436564779e+00 1.142736060497088202e+00 5.040064102564102200e+01 5.300000000000000000e+01 4.861778846153846700e+01 1.143607779955252646e+00 4.842748397435897800e+01
5.800000000000000000e+01 1.509975860201008991e-04 1.168059960641324668e+00 1.142517581964150430e+00 5.015024038461538680e+01 5.300000000000000000e+01 4.861778846153846700e+01 1.143607779955252646e+00 4.842748397435897800e+01
5.900000000000000000e+01 1.420049023957108266e-04 1.168011706279847184e+00 1.143014187996204134e+00 4.989983974358974450e+01 5.300000000000000000e+01 4.861778846153846700e+01 1.143607779955252646e+00 4.842748397435897800e+01
6.000000000000000000e+01 1.335477793779493044e-04 1.167959970919901780e+00 1.142184607493571757e+00 4.901842948717948900e+01 5.300000000000000000e+01 4.861778846153846700e+01 1.143607779955252646e+00 4.842748397435897800e+01
6.100000000000000000e+01 1.255943215754790586e-04 1.167921577515970588e+00 1.142808834711710686e+00 5.105168269230768630e+01 5.300000000000000000e+01 4.861778846153846700e+01 1.143607779955252646e+00 4.842748397435897800e+01
6.200000000000000000e+01 1.181145331317231363e-04 1.167885009371422145e+00 1.141473368192330362e+00 4.962940705128205110e+01 5.300000000000000000e+01 4.861778846153846700e+01 1.143607779955252646e+00 4.842748397435897800e+01
6.300000000000000000e+01 1.110802045977906277e-04 1.167827403321896274e+00 1.139803522672408587e+00 4.826722756410256920e+01 6.300000000000000000e+01 4.826722756410256920e+01 1.139708694739219430e+00 4.776642628205128460e+01
6.400000000000000000e+01 1.044648065427020183e-04 1.167783209652894172e+00 1.139650572568942311e+00 4.740584935897436480e+01 6.400000000000000000e+01 4.740584935897436480e+01 1.139321895746084445e+00 4.704527243589743080e+01
6.500000000000000000e+01 9.824338949967341449e-05 1.167730201309981952e+00 1.139345564903357033e+00 4.864783653846153300e+01 6.400000000000000000e+01 4.740584935897436480e+01 1.139321895746084445e+00 4.704527243589743080e+01
6.600000000000000000e+01 9.239248987111458526e-05 1.167676196013294865e+00 1.139725278585385082e+00 4.849759615384615330e+01 6.400000000000000000e+01 4.740584935897436480e+01 1.139321895746084445e+00 4.704527243589743080e+01
6.700000000000000000e+01 8.689004143746881595e-05 1.167691606934559978e+00 1.138755002082922463e+00 4.751602564102563520e+01 6.400000000000000000e+01 4.740584935897436480e+01 1.139321895746084445e+00 4.704527243589743080e+01
6.800000000000000000e+01 8.171529213615691238e-05 1.167601307669239752e+00 1.139556710536663298e+00 4.821714743589743080e+01 6.400000000000000000e+01 4.740584935897436480e+01 1.139321895746084445e+00 4.704527243589743080e+01
6.900000000000000000e+01 7.684872579676359846e-05 1.167600057743213737e+00 1.137981358246925589e+00 4.639423076923077360e+01 6.900000000000000000e+01 4.639423076923077360e+01 1.137891526405627962e+00 4.641426282051281760e+01
7.000000000000000000e+01 7.227198853729639933e-05 1.167559464445493411e+00 1.137797331198667772e+00 4.653445512820512420e+01 6.900000000000000000e+01 4.639423076923077360e+01 1.137891526405627962e+00 4.641426282051281760e+01
7.100000000000000000e+01 6.796781954392630196e-05 1.167494269391963879e+00 1.136499851177900311e+00 4.667467948717948900e+01 6.900000000000000000e+01 4.639423076923077360e+01 1.137891526405627962e+00 4.641426282051281760e+01
7.200000000000000000e+01 6.391998597315119647e-05 1.167431079474659850e+00 1.136699051429063800e+00 4.670472756410256920e+01 6.900000000000000000e+01 4.639423076923077360e+01 1.137891526405627962e+00 4.641426282051281760e+01
7.300000000000000000e+01 6.011322173087066233e-05 1.167401916805227202e+00 1.137745618820190430e+00 4.766626602564102200e+01 6.900000000000000000e+01 4.639423076923077360e+01 1.137891526405627962e+00 4.641426282051281760e+01
7.400000000000000000e+01 5.653316989748196324e-05 1.167343798542763933e+00 1.137225242761465305e+00 4.718549679487179560e+01 6.900000000000000000e+01 4.639423076923077360e+01 1.137891526405627962e+00 4.641426282051281760e+01
7.500000000000000000e+01 5.316632858185807800e-05 1.167321405347537144e+00 1.136650177148672336e+00 4.692508012820512420e+01 6.900000000000000000e+01 4.639423076923077360e+01 1.137891526405627962e+00 4.641426282051281760e+01
7.600000000000000000e+01 5.000000000000001595e-05 1.167311220993230370e+00 1.135832178287017102e+00 4.605368589743589780e+01 7.600000000000000000e+01 4.605368589743589780e+01 1.135805166684664247e+00 4.540264423076922640e+01
7.700000000000000000e+01 4.702224258631760206e-05 1.167272485114692060e+00 1.136742141002263784e+00 4.847756410256410220e+01 7.600000000000000000e+01 4.605368589743589780e+01 1.135805166684664247e+00 4.540264423076922640e+01
7.800000000000000000e+01 4.422182595692999600e-05 1.167217158595339477e+00 1.136073743685697801e+00 4.671474358974359120e+01 7.600000000000000000e+01 4.605368589743589780e+01 1.135805166684664247e+00 4.540264423076922640e+01
7.900000000000000000e+01 4.158818855513356553e-05 1.167199064838215783e+00 1.136921994197062968e+00 4.658453525641025550e+01 7.600000000000000000e+01 4.605368589743589780e+01 1.135805166684664247e+00 4.540264423076922640e+01
8.000000000000000000e+01 3.911139781930014471e-05 1.167174912283940547e+00 1.136559234215662961e+00 4.777644230769230660e+01 7.600000000000000000e+01 4.605368589743589780e+01 1.135805166684664247e+00 4.540264423076922640e+01
8.100000000000000000e+01 3.678211272298207959e-05 1.167114153483931105e+00 1.134720437037639140e+00 4.575320512820512420e+01 8.100000000000000000e+01 4.575320512820512420e+01 1.134437058216486216e+00 4.464142628205128460e+01
8.200000000000000000e+01 3.459154854594683983e-05 1.167089361113176293e+00 1.134904317366771220e+00 4.601362179487179560e+01 8.100000000000000000e+01 4.575320512820512420e+01 1.134437058216486216e+00 4.464142628205128460e+01
8.300000000000000000e+01 3.253144374327787160e-05 1.167070132169649277e+00 1.134596289732517249e+00 4.506209935897436480e+01 8.300000000000000000e+01 4.506209935897436480e+01 1.134732339626703501e+00 4.497195512820512420e+01
8.400000000000000000e+01 3.059402878759111125e-05 1.167088837126482037e+00 1.134806530597882501e+00 4.622395833333332860e+01 8.300000000000000000e+01 4.506209935897436480e+01 1.134732339626703501e+00 4.497195512820512420e+01
8.500000000000000000e+01 2.877199686685785913e-05 1.167053686738504847e+00 1.134155926031944039e+00 4.527243589743589780e+01 8.300000000000000000e+01 4.506209935897436480e+01 1.134732339626703501e+00 4.497195512820512420e+01
8.600000000000000000e+01 2.705847632732319685e-05 1.166968779526838196e+00 1.134150983431400306e+00 4.670472756410256920e+01 8.300000000000000000e+01 4.506209935897436480e+01 1.134732339626703501e+00 4.497195512820512420e+01
8.700000000000000000e+01 2.544700475759046227e-05 1.166986824499181674e+00 1.134699439391111619e+00 4.598357371794871540e+01 8.300000000000000000e+01 4.506209935897436480e+01 1.134732339626703501e+00 4.497195512820512420e+01
8.800000000000000000e+01 2.393150461613192891e-05 1.166914264306555538e+00 1.134591285999004606e+00 4.572315705128205110e+01 8.300000000000000000e+01 4.506209935897436480e+01 1.134732339626703501e+00 4.497195512820512420e+01
8.900000000000000000e+01 2.250626031030669391e-05 1.166955001778290812e+00 1.133834915283398859e+00 4.553285256410256920e+01 8.300000000000000000e+01 4.506209935897436480e+01 1.134732339626703501e+00 4.497195512820512420e+01
9.000000000000000000e+01 2.116589664044105489e-05 1.166883741059584478e+00 1.134200634100498206e+00 4.598357371794871540e+01 8.300000000000000000e+01 4.506209935897436480e+01 1.134732339626703501e+00 4.497195512820512420e+01
9.100000000000000000e+01 1.990535852767487439e-05 1.166852464074133566e+00 1.134571182422148938e+00 4.729567307692308020e+01 8.300000000000000000e+01 4.506209935897436480e+01 1.134732339626703501e+00 4.497195512820512420e+01
9.200000000000000000e+01 1.871989194911906788e-05 1.166872631266174798e+00 1.134230528122339487e+00 4.642427884615384670e+01 8.300000000000000000e+01 4.506209935897436480e+01 1.134732339626703501e+00 4.497195512820512420e+01
9.300000000000000000e+01 1.760502600842260709e-05 1.166820128377191512e+00 1.133106946945190430e+00 4.441105769230769340e+01 9.300000000000000000e+01 4.441105769230769340e+01 1.132983521009102823e+00 4.402043269230769340e+01
9.400000000000000000e+01 1.655655607412956525e-05 1.166858134173780037e+00 1.133548776308695549e+00 4.611378205128205110e+01 9.300000000000000000e+01 4.441105769230769340e+01 1.132983521009102823e+00 4.402043269230769340e+01
9.500000000000000000e+01 1.557052792223380619e-05 1.166801051238818276e+00 1.134383837381998772e+00 4.715544871794871540e+01 9.300000000000000000e+01 4.441105769230769340e+01 1.132983521009102823e+00 4.402043269230769340e+01
9.600000000000000000e+01 1.464322282312619196e-05 1.166753213373994402e+00 1.133408100177080158e+00 4.620392628205128460e+01 9.300000000000000000e+01 4.441105769230769340e+01 1.132983521009102823e+00 4.402043269230769340e+01
9.700000000000000000e+01 1.377114351669084182e-05 1.166782605631688341e+00 1.133559664090474373e+00 4.701522435897436480e+01 9.300000000000000000e+01 4.441105769230769340e+01 1.132983521009102823e+00 4.402043269230769340e+01
9.800000000000000000e+01 1.295100102265662827e-05 1.166753671296830053e+00 1.133449821900098797e+00 4.690504807692308020e+01 9.300000000000000000e+01 4.441105769230769340e+01 1.132983521009102823e+00 4.402043269230769340e+01
9.900000000000000000e+01 1.217970223646014186e-05 1.166720241076552700e+00 1.134350088926461941e+00 4.700520833333332860e+01 9.300000000000000000e+01 4.441105769230769340e+01 1.132983521009102823e+00 4.402043269230769340e+01
1.000000000000000000e+02 1.145433826383887280e-05 1.166714824058173505e+00 1.132469667838170047e+00 4.557291666666667140e+01 9.300000000000000000e+01 4.441105769230769340e+01 1.132983521009102823e+00 4.402043269230769340e+01
1.010000000000000000e+02 1.077217345015942516e-05 1.166648375099524015e+00 1.133763777904021497e+00 4.574318910256410220e+01 9.300000000000000000e+01 4.441105769230769340e+01 1.132983521009102823e+00 4.402043269230769340e+01
1.020000000000000000e+02 1.013063506310572312e-05 1.166647970594659967e+00 1.133701993868901248e+00 4.642427884615384670e+01 9.300000000000000000e+01 4.441105769230769340e+01 1.132983521009102823e+00 4.402043269230769340e+01
1.030000000000000000e+02 9.527303589816242058e-06 1.166664233096506020e+00 1.132462770510942462e+00 4.568309294871794890e+01 9.300000000000000000e+01 4.441105769230769340e+01 1.132983521009102823e+00 4.402043269230769340e+01
1.040000000000000000e+02 8.959903611876674062e-06 1.166728967774333992e+00 1.132695086491413594e+00 4.516225961538461320e+01 9.300000000000000000e+01 4.441105769230769340e+01 1.132983521009102823e+00 4.402043269230769340e+01
1.050000000000000000e+02 8.426295223753762169e-06 1.166654535717870367e+00 1.134198810809697866e+00 4.763621794871794890e+01 9.300000000000000000e+01 4.441105769230769340e+01 1.132983521009102823e+00 4.402043269230769340e+01
1.060000000000000000e+02 7.924465962305572307e-06 1.166622497744357556e+00 1.133042748157794710e+00 4.683493589743589780e+01 9.300000000000000000e+01 4.441105769230769340e+01 1.132983521009102823e+00 4.402043269230769340e+01
1.070000000000000000e+02 7.452523216930985505e-06 1.166674140113425961e+00 1.133164693147708180e+00 4.533253205128205110e+01 9.300000000000000000e+01 4.441105769230769340e+01 1.132983521009102823e+00 4.402043269230769340e+01
1.080000000000000000e+02 7.008687091733854301e-06 1.166623059505188742e+00 1.132998125675397150e+00 4.621394230769230660e+01 9.300000000000000000e+01 4.441105769230769340e+01 1.132983521009102823e+00 4.402043269230769340e+01
1.090000000000000000e+02 6.591283692782039716e-06 1.166634383352041615e+00 1.133378600462888963e+00 4.656450320512820440e+01 9.300000000000000000e+01 4.441105769230769340e+01 1.132983521009102823e+00 4.402043269230769340e+01
1.100000000000000000e+02 6.198738815144725241e-06 1.166605136467541604e+00 1.132378093707255839e+00 4.520232371794871540e+01 9.300000000000000000e+01 4.441105769230769340e+01 1.132983521009102823e+00 4.402043269230769340e+01
1.110000000000000000e+02 5.829572005899161938e-06 1.166579276609486238e+00 1.132846818520472532e+00 4.622395833333332860e+01 9.300000000000000000e+01 4.441105769230769340e+01 1.132983521009102823e+00 4.402043269230769340e+01
1.120000000000000000e+02 5.482390980715928460e-06 1.166613315304065868e+00 1.134084672499925617e+00 4.634415064102563520e+01 9.300000000000000000e+01 4.441105769230769340e+01 1.132983521009102823e+00 4.402043269230769340e+01
1.130000000000000000e+02 5.155886372965279761e-06 1.166587110027963892e+00 1.134238625184083693e+00 4.690504807692308020e+01 9.300000000000000000e+01 4.441105769230769340e+01 1.132983521009102823e+00 4.402043269230769340e+01
1.140000000000000000e+02 4.848826795541249775e-06 1.166593635796301376e+00 1.132015963395436531e+00 4.556290064102563520e+01 9.300000000000000000e+01 4.441105769230769340e+01 1.132983521009102823e+00 4.402043269230769340e+01
1.150000000000000000e+02 4.560054196779551573e-06 1.166513407017795378e+00 1.133385516130007264e+00 4.684495192307691980e+01 9.300000000000000000e+01 4.441105769230769340e+01 1.132983521009102823e+00 4.402043269230769340e+01
1.160000000000000000e+02 4.288479492954473400e-06 1.166559622229971671e+00 1.133498164323660129e+00 4.578325320512820440e+01 9.300000000000000000e+01 4.441105769230769340e+01 1.132983521009102823e+00 4.402043269230769340e+01
1.170000000000000000e+02 4.033078460883069731e-06 1.166565809121238750e+00 1.131988734771043781e+00 4.585336538461538680e+01 9.300000000000000000e+01 4.441105769230769340e+01 1.132983521009102823e+00 4.402043269230769340e+01
1.180000000000000000e+02 3.792887875145921217e-06 1.166515865280140840e+00 1.132437897034180407e+00 4.593349358974359120e+01 9.300000000000000000e+01 4.441105769230769340e+01 1.132983521009102823e+00 4.402043269230769340e+01
1.190000000000000000e+02 3.567001875356283264e-06 1.166576967372379814e+00 1.131592166729462390e+00 4.486177884615384670e+01 9.300000000000000000e+01 4.441105769230769340e+01 1.132983521009102823e+00 4.402043269230769340e+01
1.200000000000000000e+02 3.354568549777058475e-06 1.166560185735063149e+00 1.132285889906760934e+00 4.554286858974359120e+01 9.300000000000000000e+01 4.441105769230769340e+01 1.132983521009102823e+00 4.402043269230769340e+01
1.210000000000000000e+02 3.154786722400968631e-06 1.166544282114772901e+00 1.132979209606464144e+00 4.597355769230769340e+01 9.300000000000000000e+01 4.441105769230769340e+01 1.132983521009102823e+00 4.402043269230769340e+01
1.220000000000000000e+02 2.966902931376642163e-06 1.166526783422950686e+00 1.131910915558154818e+00 4.486177884615384670e+01 9.300000000000000000e+01 4.441105769230769340e+01 1.132983521009102823e+00 4.402043269230769340e+01
1.230000000000000000e+02 2.790208587384984420e-06 1.166544467169888577e+00 1.131949197023342846e+00 4.534254807692308020e+01 9.300000000000000000e+01 4.441105769230769340e+01 1.132983521009102823e+00 4.402043269230769340e+01
1.240000000000000000e+02 2.624037301248864937e-06 1.166528474701339357e+00 1.132650101796174757e+00 4.592347756410256920e+01 9.300000000000000000e+01 4.441105769230769340e+01 1.132983521009102823e+00 4.402043269230769340e+01
1.250000000000000000e+02 2.467762370697404985e-06 1.166548902605786697e+00 1.132586120030818932e+00 4.627403846153846700e+01 9.300000000000000000e+01 4.441105769230769340e+01 1.132983521009102823e+00 4.402043269230769340e+01
1.260000000000000000e+02 2.320794416806391403e-06 1.166487968344093185e+00 1.133198495094592806e+00 4.586338141025640880e+01 9.300000000000000000e+01 4.441105769230769340e+01 1.132983521009102823e+00 4.402043269230769340e+01
1.270000000000000000e+02 2.182579161200831698e-06 1.166512818493470327e+00 1.131670491817670099e+00 4.479166666666667140e+01 9.300000000000000000e+01 4.441105769230769340e+01 1.132983521009102823e+00 4.402043269230769340e+01
1.280000000000000000e+02 2.052595335636541199e-06 1.166473998944945745e+00 1.132831565844707011e+00 4.549278846153846700e+01 9.300000000000000000e+01 4.441105769230769340e+01 1.132983521009102823e+00 4.402043269230769340e+01
1.290000000000000000e+02 1.930352716076908239e-06 1.166505557083353128e+00 1.134006911363357073e+00 4.720552884615384670e+01 9.300000000000000000e+01 4.441105769230769340e+01 1.132983521009102823e+00 4.402043269230769340e+01
1.300000000000000000e+02 1.815390273850508313e-06 1.166494782514968964e+00 1.132027702453809015e+00 4.485176282051281760e+01 9.300000000000000000e+01 4.441105769230769340e+01 1.132983521009102823e+00 4.402043269230769340e+01
1.310000000000000000e+02 1.707274436916802375e-06 1.166523144405401613e+00 1.131811248950469251e+00 4.495192307692308020e+01 9.300000000000000000e+01 4.441105769230769340e+01 1.132983521009102823e+00 4.402043269230769340e+01
1.320000000000000000e+02 1.605597454682412948e-06 1.166459053904703946e+00 1.133026694640135057e+00 4.555288461538461320e+01 9.300000000000000000e+01 4.441105769230769340e+01 1.132983521009102823e+00 4.402043269230769340e+01
1.330000000000000000e+02 1.509975860201009643e-06 1.166478276579795414e+00 1.130831013887356518e+00 4.439102564102563520e+01 1.330000000000000000e+02 4.439102564102563520e+01 1.131008111513577941e+00 4.431089743589743080e+01
1.340000000000000000e+02 1.420049023957108919e-06 1.166428563199089163e+00 1.130887554242060666e+00 4.487179487179487580e+01 1.330000000000000000e+02 4.439102564102563520e+01 1.131008111513577941e+00 4.431089743589743080e+01
1.350000000000000000e+02 1.335477793779493696e-06 1.166475702978237994e+00 1.132999537846981042e+00 4.714543269230769340e+01 1.330000000000000000e+02 4.439102564102563520e+01 1.131008111513577941e+00 4.431089743589743080e+01
1.360000000000000000e+02 1.255943215754791348e-06 1.166481854439217702e+00 1.131960570812225342e+00 4.580328525641025550e+01 1.330000000000000000e+02 4.439102564102563520e+01 1.131008111513577941e+00 4.431089743589743080e+01
1.370000000000000000e+02 1.181145331317232066e-06 1.166444591806531150e+00 1.132346419187692410e+00 4.595352564102563520e+01 1.330000000000000000e+02 4.439102564102563520e+01 1.131008111513577941e+00 4.431089743589743080e+01
1.380000000000000000e+02 1.110802045977906870e-06 1.166498722689959466e+00 1.132240431431012384e+00 4.624399038461538680e+01 1.330000000000000000e+02 4.439102564102563520e+01 1.131008111513577941e+00 4.431089743589743080e+01
1.390000000000000000e+02 1.044648065427020751e-06 1.166461229651389653e+00 1.132163309133969786e+00 4.583333333333332860e+01 1.330000000000000000e+02 4.439102564102563520e+01 1.131008111513577941e+00 4.431089743589743080e+01
1.400000000000000000e+02 9.824338949967346193e-07 1.166504370059714191e+00 1.133559013024354689e+00 4.644431089743589780e+01 1.330000000000000000e+02 4.439102564102563520e+01 1.131008111513577941e+00 4.431089743589743080e+01
1.410000000000000000e+02 9.239248987111462676e-07 1.166480809518284811e+00 1.130581614298698190e+00 4.522235576923077360e+01 1.330000000000000000e+02 4.439102564102563520e+01 1.131008111513577941e+00 4.431089743589743080e+01
1.420000000000000000e+02 8.689004143746884898e-07 1.166433350484993747e+00 1.132673324682773597e+00 4.593349358974359120e+01 1.330000000000000000e+02 4.439102564102563520e+01 1.131008111513577941e+00 4.431089743589743080e+01
1.430000000000000000e+02 8.171529213615694499e-07 1.166464523904989559e+00 1.132440638847840075e+00 4.569310897435897800e+01 1.330000000000000000e+02 4.439102564102563520e+01 1.131008111513577941e+00 4.431089743589743080e+01
1.440000000000000000e+02 7.684872579676363276e-07 1.166451314567265918e+00 1.132328462906372790e+00 4.479166666666667140e+01 1.330000000000000000e+02 4.439102564102563520e+01 1.131008111513577941e+00 4.431089743589743080e+01
1.450000000000000000e+02 7.227198853729643914e-07 1.166429121416891590e+00 1.132678036506359343e+00 4.579326923076922640e+01 1.330000000000000000e+02 4.439102564102563520e+01 1.131008111513577941e+00 4.431089743589743080e+01
1.460000000000000000e+02 6.796781954392633711e-07 1.166476428372488217e+00 1.133064265434558626e+00 4.638421474358974450e+01 1.330000000000000000e+02 4.439102564102563520e+01 1.131008111513577941e+00 4.431089743589743080e+01
1.470000000000000000e+02 6.391998597315123417e-07 1.166466723635254388e+00 1.132472140666765936e+00 4.690504807692308020e+01 1.330000000000000000e+02 4.439102564102563520e+01 1.131008111513577941e+00 4.431089743589743080e+01
1.480000000000000000e+02 6.011322173087069070e-07 1.166472761065217467e+00 1.132577567528455731e+00 4.665464743589743080e+01 1.330000000000000000e+02 4.439102564102563520e+01 1.131008111513577941e+00 4.431089743589743080e+01
1.490000000000000000e+02 5.653316989748199500e-07 1.166508435494397089e+00 1.131923628159058337e+00 4.605368589743589780e+01 1.330000000000000000e+02 4.439102564102563520e+01 1.131008111513577941e+00 4.431089743589743080e+01
1.500000000000000000e+02 5.316632858185810468e-07 1.166450978524618431e+00 1.132909663212605000e+00 4.682491987179487580e+01 1.330000000000000000e+02 4.439102564102563520e+01 1.131008111513577941e+00 4.431089743589743080e+01
