# Epoch, LR, Training Loss, Validation Loss, Validation Error, Best Epoch, Best Validation Error, Test Loss, Test Error
1.000000000000000000e+00 5.000000000000000104e-03 1.170202994367429028e+00 1.167054183972187520e+00 7.731370192307693401e+01 1.000000000000000000e+00 7.731370192307693401e+01 1.167050528220641370e+00 7.716346153846154721e+01
2.000000000000000000e+00 4.702224258631758878e-03 1.169900297216804441e+00 1.166682217365656138e+00 7.915665064102563520e+01 1.000000000000000000e+00 7.731370192307693401e+01 1.167050528220641370e+00 7.716346153846154721e+01
3.000000000000000000e+00 4.422182595692998597e-03 1.169907393412497054e+00 1.168896236480810646e+00 8.853165064102563520e+01 1.000000000000000000e+00 7.731370192307693401e+01 1.167050528220641370e+00 7.716346153846154721e+01
4.000000000000000000e+00 4.158818855513355360e-03 1.169903856708381262e+00 1.167872551159981009e+00 8.531650641025640880e+01 1.000000000000000000e+00 7.731370192307693401e+01 1.167050528220641370e+00 7.716346153846154721e+01
5.000000000000000000e+00 3.911139781930013035e-03 1.169900714223871097e+00 1.167001267274220710e+00 7.681290064102563520e+01 5.000000000000000000e+00 7.681290064102563520e+01 1.166901524250324007e+00 7.664262820512820440e+01
6.000000000000000000e+00 3.678211272298206793e-03 1.169892625819814791e+00 1.168322200958545443e+00 8.454527243589743080e+01 5.000000000000000000e+00 7.681290064102563520e+01 1.166901524250324007e+00 7.664262820512820440e+01
7.000000000000000000e+00 3.459154854594682655e-03 1.169889519163991309e+00 1.167518031902802234e+00 7.609174679487179560e+01 7.000000000000000000e+00 7.609174679487179560e+01 1.167478316869491106e+00 7.559094551282051100e+01
8.000000000000000000e+00 3.253144374327786130e-03 1.169879116150470688e+00 1.167591810226440430e+00 7.959735576923077360e+01 7.000000000000000000e+00 7.609174679487179560e+01 1.167478316869491106e+00 7.559094551282051100e+01
9.000000000000000000e+00 3.059402878759109878e-03 1.169874312747936518e+00 1.167085898228180652e+00 8.154046474358975161e+01 7.000000000000000000e+00 7.609174679487179560e+01 1.167478316869491106e+00 7.559094551282051100e+01
1.000000000000000000e+01 2.877199686685784612e-03 1.169865101480470182e+00 1.167694082626929752e+00 8.172075320512820440e+01 7.000000000000000000e+00 7.609174679487179560e+01 1.167478316869491106e+00 7.559094551282051100e+01
1.100000000000000000e+01 2.705847632732318302e-03 1.169853729878465254e+00 1.166817480172866350e+00 7.517027243589743080e+01 1.100000000000000000e+01 7.517027243589743080e+01 1.166757840376633881e+00 7.460937500000000000e+01
1.200000000000000000e+01 2.544700475759045007e-03 1.169837050809740875e+00 1.166396831854795701e+00 7.747395833333334281e+01 1.100000000000000000e+01 7.517027243589743080e+01 1.166757840376633881e+00 7.460937500000000000e+01
1.300000000000000000e+01 2.393150461613191820e-03 1.169829960059453722e+00 1.166108597547580006e+00 7.714342948717948900e+01 1.100000000000000000e+01 7.517027243589743080e+01 1.166757840376633881e+00 7.460937500000000000e+01
1.400000000000000000e+01 2.250626031030668415e-03 1.169819024436724364e+00 1.167876636370634325e+00 8.034855769230769340e+01 1.100000000000000000e+01 7.517027243589743080e+01 1.166757840376633881e+00 7.460937500000000000e+01
1.500000000000000000e+01 2.116589664044104310e-03 1.169810338598855637e+00 1.165013528787172792e+00 7.305689102564102200e+01 1.500000000000000000e+01 7.305689102564102200e+01 1.164846430986355541e+00 7.228565705128204399e+01
1.600000000000000000e+01 1.990535852767486274e-03 1.169794027667285574e+00 1.166717720337403064e+00 7.803485576923077360e+01 1.500000000000000000e+01 7.305689102564102200e+01 1.164846430986355541e+00 7.228565705128204399e+01
1.700000000000000000e+01 1.871989194911905744e-03 1.169777269102578732e+00 1.166335865473135947e+00 7.604166666666665719e+01 1.500000000000000000e+01 7.305689102564102200e+01 1.164846430986355541e+00 7.228565705128204399e+01
1.800000000000000000e+01 1.760502600842259787e-03 1.169775141301736321e+00 1.164801898675087211e+00 7.373798076923077360e+01 1.500000000000000000e+01 7.305689102564102200e+01 1.164846430986355541e+00 7.228565705128204399e+01
1.900000000000000000e+01 1.655655607412955671e-03 1.169751890807918970e+00 1.164217533209384925e+00 7.235576923076922640e+01 1.900000000000000000e+01 7.235576923076922640e+01 1.164072599166478872e+00 7.154447115384616041e+01
2.000000000000000000e+01 1.557052792223379955e-03 1.169742003234972128e+00 1.164453830474462270e+00 7.166466346153845279e+01 2.000000000000000000e+01 7.166466346153845279e+01 1.164228754165845148e+00 7.018229166666665719e+01
2.100000000000000000e+01 1.464322282312618484e-03 1.169723431176836748e+00 1.163430623519114970e+00 6.997195512820513841e+01 2.100000000000000000e+01 6.997195512820513841e+01 1.163317631452511547e+00 6.924078525641024839e+01
2.200000000000000000e+01 1.377114351669083423e-03 1.169717816755734940e+00 1.164033610087174653e+00 6.921073717948718240e+01 2.200000000000000000e+01 6.921073717948718240e+01 1.163911700248718262e+00 6.834935897435897800e+01
2.300000000000000000e+01 1.295100102265662068e-03 1.169700205759631739e+00 1.164637415837018963e+00 6.997195512820513841e+01 2.200000000000000000e+01 6.921073717948718240e+01 1.163911700248718262e+00 6.834935897435897800e+01
2.400000000000000000e+01 1.217970223646013461e-03 1.169709684684382633e+00 1.162891337504753597e+00 6.751802884615383959e+01 2.400000000000000000e+01 6.751802884615383959e+01 1.162877602454943426e+00 6.805889423076922640e+01
2.500000000000000000e+01 1.145433826383886623e-03 1.169683859727741249e+00 1.162253983509846211e+00 6.685697115384616041e+01 2.500000000000000000e+01 6.685697115384616041e+01 1.162106290841713907e+00 6.607572115384616041e+01
2.600000000000000000e+01 1.077217345015941919e-03 1.169672934857086233e+00 1.162547728954217430e+00 6.435296474358975161e+01 2.600000000000000000e+01 6.435296474358975161e+01 1.162456442148257496e+00 6.460336538461538680e+01
2.700000000000000000e+01 1.013063506310571838e-03 1.169646542052179328e+00 1.163147399058708675e+00 6.643629807692306599e+01 2.600000000000000000e+01 6.435296474358975161e+01 1.162456442148257496e+00 6.460336538461538680e+01
2.800000000000000000e+01 9.527303589816237721e-04 1.169639579979943944e+00 1.161944919671767718e+00 6.759815705128204399e+01 2.600000000000000000e+01 6.435296474358975161e+01 1.162456442148257496e+00 6.460336538461538680e+01
2.900000000000000000e+01 8.959903611876670606e-04 1.169635132921966303e+00 1.162038211639110807e+00 6.783854166666665719e+01 2.600000000000000000e+01 6.435296474358975161e+01 1.162456442148257496e+00 6.460336538461538680e+01
3.000000000000000000e+01 8.426295223753759323e-04 1.169607418270904642e+00 1.160944631466498844e+00 6.309094551282051810e+01 3.000000000000000000e+01 6.309094551282051810e+01 1.160864674128018859e+00 6.130809294871794890e+01
3.100000000000000000e+01 7.924465962305570410e-04 1.169603021782360974e+00 1.160594041530902620e+00 6.159855769230768630e+01 3.100000000000000000e+01 6.159855769230768630e+01 1.160516748061546810e+00 6.134815705128205110e+01
3.200000000000000000e+01 7.452523216930983336e-04 1.169583298246424263e+00 1.160934520073426013e+00 6.179887820512820440e+01 3.100000000000000000e+01 6.159855769230768630e+01 1.160516748061546810e+00 6.134815705128205110e+01
3.300000000000000000e+01 7.008687091733852709e-04 1.169561101629319921e+00 1.160373901709532030e+00 6.175881410256410931e+01 3.100000000000000000e+01 6.159855769230768630e+01 1.160516748061546810e+00 6.134815705128205110e+01
3.400000000000000000e+01 6.591283692782038631e-04 1.169543828664562746e+00 1.160161233865297792e+00 6.176883012820513130e+01 3.100000000000000000e+01 6.159855769230768630e+01 1.160516748061546810e+00 6.134815705128205110e+01
3.500000000000000000e+01 6.198738815144724801e-04 1.169536595362579146e+00 1.159241149058708675e+00 5.807291666666666430e+01 3.500000000000000000e+01 5.807291666666666430e+01 1.159189424453637596e+00 5.869391025641025550e+01
3.600000000000000000e+01 5.829572005899161464e-04 1.169514948766107398e+00 1.159813051040355925e+00 5.981570512820513130e+01 3.500000000000000000e+01 5.807291666666666430e+01 1.159189424453637596e+00 5.869391025641025550e+01
3.700000000000000000e+01 5.482390980715927918e-04 1.169508289104636001e+00 1.158804280635638007e+00 5.955528846153845990e+01 3.500000000000000000e+01 5.807291666666666430e+01 1.159189424453637596e+00 5.869391025641025550e+01
3.800000000000000000e+01 5.155886372965279253e-04 1.169498803763324490e+00 1.158479730288187737e+00 5.893429487179486870e+01 3.500000000000000000e+01 5.807291666666666430e+01 1.159189424453637596e+00 5.869391025641025550e+01
3.900000000000000000e+01 4.848826795541249504e-04 1.169477191885647693e+00 1.159603783717522152e+00 6.180889423076922640e+01 3.500000000000000000e+01 5.807291666666666430e+01 1.159189424453637596e+00 5.869391025641025550e+01
4.000000000000000000e+01 4.560054196779551438e-04 1.169464794292955023e+00 1.158985660626338010e+00 5.876402243589743080e+01 3.500000000000000000e+01 5.807291666666666430e+01 1.159189424453637596e+00 5.869391025641025550e+01
4.100000000000000000e+01 4.288479492954473129e-04 1.169443789872798511e+00 1.157334141242198466e+00 5.633012820512820440e+01 4.100000000000000000e+01 5.633012820512820440e+01 1.157148168637202268e+00 5.577924679487179560e+01
4.200000000000000000e+01 4.033078460883069392e-04 1.169432464851554831e+00 1.156657205178187375e+00 5.603966346153845990e+01 4.200000000000000000e+01 5.603966346153845990e+01 1.156624902517367603e+00 5.639022435897436480e+01
4.300000000000000000e+01 3.792887875145920895e-04 1.169384413588210103e+00 1.157820871243110172e+00 5.770232371794872250e+01 4.200000000000000000e+01 5.603966346153845990e+01 1.156624902517367603e+00 5.639022435897436480e+01
4.400000000000000000e+01 3.567001875356282992e-04 1.169389535078726228e+00 1.157029845775702004e+00 5.595953525641025550e+01 4.400000000000000000e+01 5.595953525641025550e+01 1.156854284115326648e+00 5.621995192307692690e+01
4.500000000000000000e+01 3.354568549777058018e-04 1.169375143392439087e+00 1.156706739694644215e+00 5.795272435897436480e+01 4.400000000000000000e+01 5.595953525641025550e+01 1.156854284115326648e+00 5.621995192307692690e+01
4.600000000000000000e+01 3.154786722400968173e-04 1.169343208448117677e+00 1.156395048667222980e+00 5.640024038461538680e+01 4.400000000000000000e+01 5.595953525641025550e+01 1.156854284115326648e+00 5.621995192307692690e+01
4.700000000000000000e+01 2.966902931376641604e-04 1.169334685868359536e+00 1.154681998949784516e+00 5.261418269230768630e+01 4.700000000000000000e+01 5.261418269230768630e+01 1.154533372475550657e+00 5.200320512820513130e+01
4.800000000000000000e+01 2.790208587384983827e-04 1.169303986406756479e+00 1.154768942258296960e+00 5.338541666666666430e+01 4.700000000000000000e+01 5.261418269230768630e+01 1.154533372475550657e+00 5.200320512820513130e+01
4.900000000000000000e+01 2.624037301248864683e-04 1.169317267230336022e+00 1.154984718714004988e+00 5.485777243589743080e+01 4.700000000000000000e+01 5.261418269230768630e+01 1.154533372475550657e+00 5.200320512820513130e+01
5.000000000000000000e+01 2.467762370697404494e-04 1.169273462308018541e+00 1.154940591408656125e+00 5.383613782051281760e+01 4.700000000000000000e+01 5.261418269230768630e+01 1.154533372475550657e+00 5.200320512820513130e+01
5.100000000000000000e+01 2.320794416806390827e-04 1.169262397244186680e+00 1.154533598667536021e+00 5.312500000000000000e+01 4.700000000000000000e+01 5.261418269230768630e+01 1.154533372475550657e+00 5.200320512820513130e+01
5.200000000000000000e+01 2.182579161200831088e-04 1.169240119258158073e+00 1.152950693399478199e+00 5.026041666666666430e+01 5.200000000000000000e+01 5.026041666666666430e+01 1.152653764455746410e+00 4.969951923076922640e+01
5.300000000000000000e+01 2.052595335636540690e-04 1.169219996924312888e+00 1.152546260601434946e+00 4.958934294871794890e+01 5.300000000000000000e+01 4.958934294871794890e+01 1.152380688068194159e+00 4.916866987179487580e+01
5.400000000000000000e+01 1.930352716076907764e-04 1.169188494178698745e+00 1.153329691825768943e+00 5.269431089743589069e+01 5.300000000000000000e+01 4.958934294871794890e+01 1.152380688068194159e+00 4.916866987179487580e+01
5.500000000000000000e+01 1.815390273850507814e-04 1.169178026444626761e+00 1.152803879517775298e+00 5.094150641025640880e+01 5.300000000000000000e+01 4.958934294871794890e+01 1.152380688068194159e+00 4.916866987179487580e+01
5.600000000000000000e+01 1.707274436916801782e-04 1.169147981194725627e+00 1.152699598899254330e+00 5.111177884615384670e+01 5.300000000000000000e+01 4.958934294871794890e+01 1.152380688068194159e+00 4.916866987179487580e+01
5.700000000000000000e+01 1.605597454682412329e-04 1.169119345541780097e+00 1.151935271727733134e+00 4.977964743589743080e+01 5.300000000000000000e+01 4.958934294871794890e+01 1.152380688068194159e+00 4.916866987179487580e+01
5.800000000000000000e+01 1.509975860201008991e-04 1.169106920652692061e+00 1.150287408095139741e+00 4.798677884615384670e+01 5.800000000000000000e+01 4.798677884615384670e+01 1.149982331654964440e+00 4.670472756410256920e+01
5.900000000000000000e+01 1.420049023957108266e-04 1.169087816956503101e+00 1.151301970848670475e+00 4.911858974358974450e+01 5.800000000000000000e+01 4.798677884615384670e+01 1.149982331654964440e+00 4.670472756410256920e+01
6.000000000000000000e+01 1.335477793779493044e-04 1.169070498624928733e+00 1.150110585567278632e+00 4.786658653846153300e+01 6.000000000000000000e+01 4.786658653846153300e+01 1.149962807312989943e+00 4.753605769230769340e+01
6.100000000000000000e+01 1.255943215754790586e-04 1.169037290149419039e+00 1.149592179518479584e+00 4.779647435897436480e+01 6.100000000000000000e+01 4.779647435897436480e+01 1.149288564156263348e+00 4.660456730769230660e+01
6.200000000000000000e+01 1.181145331317231363e-04 1.169016577977582072e+00 1.149536548516689294e+00 4.914863782051281760e+01 6.100000000000000000e+01 4.779647435897436480e+01 1.149288564156263348e+00 4.660456730769230660e+01
6.300000000000000000e+01 1.110802045977906277e-04 1.168991998700787516e+00 1.149591228900811668e+00 4.801682692307691980e+01 6.100000000000000000e+01 4.779647435897436480e+01 1.149288564156263348e+00 4.660456730769230660e+01
6.400000000000000000e+01 1.044648065427020183e-04 1.168981544146677987e+00 1.148984040969457388e+00 4.711538461538461320e+01 6.400000000000000000e+01 4.711538461538461320e+01 1.148847991075271135e+00 4.680488782051281760e+01
6.500000000000000000e+01 9.824338949967341449e-05 1.168937264780405716e+00 1.148780403993068688e+00 4.663461538461538680e+01 6.500000000000000000e+01 4.663461538461538680e+01 1.148738029675606009e+00 4.610376602564102200e+01
6.600000000000000000e+01 9.239248987111458526e-05 1.168912137529341644e+00 1.148646707718188997e+00 4.632411858974359120e+01 6.600000000000000000e+01 4.632411858974359120e+01 1.148608528650723937e+00 4.650440705128205110e+01
6.700000000000000000e+01 8.689004143746881595e-05 1.168893933747097158e+00 1.147762535474239343e+00 4.672475961538461320e+01 6.600000000000000000e+01 4.632411858974359120e+01 1.148608528650723937e+00 4.650440705128205110e+01
6.800000000000000000e+01 8.171529213615691238e-05 1.168885552331670796e+00 1.146165939477773899e+00 4.358974358974359120e+01 6.800000000000000000e+01 4.358974358974359120e+01 1.146048978353157999e+00 4.268830128205128460e+01
6.900000000000000000e+01 7.684872579676359846e-05 1.168832613764927419e+00 1.146879018881381995e+00 4.493189102564102200e+01 6.800000000000000000e+01 4.358974358974359120e+01 1.146048978353157999e+00 4.268830128205128460e+01
7.000000000000000000e+01 7.227198853729639933e-05 1.168818022887790686e+00 1.146074036757151360e+00 4.433092948717948900e+01 6.800000000000000000e+01 4.358974358974359120e+01 1.146048978353157999e+00 4.268830128205128460e+01
7.100000000000000000e+01 6.796781954392630196e-05 1.168780743191330407e+00 1.146936282133444784e+00 4.671474358974359120e+01 6.800000000000000000e+01 4.358974358974359120e+01 1.146048978353157999e+00 4.268830128205128460e+01
7.200000000000000000e+01 6.391998597315119647e-05 1.168753954710084919e+00 1.146982625508919718e+00 4.612379807692308020e+01 6.800000000000000000e+01 4.358974358974359120e+01 1.146048978353157999e+00 4.268830128205128460e+01
7.300000000000000000e+01 6.011322173087066233e-05 1.168716599263526223e+00 1.146460976356115102e+00 4.641426282051281760e+01 6.800000000000000000e+01 4.358974358974359120e+01 1.146048978353157999e+00 4.268830128205128460e+01
7.400000000000000000e+01 5.653316989748196324e-05 1.168711832279308638e+00 1.145858465096889489e+00 4.487179487179487580e+01 6.800000000000000000e+01 4.358974358974359120e+01 1.146048978353157999e+00 4.268830128205128460e+01
7.500000000000000000e+01 5.316632858185807800e-05 1.168661562377434571e+00 1.145731675319182630e+00 4.484174679487179560e+01 6.800000000000000000e+01 4.358974358974359120e+01 1.146048978353157999e+00 4.268830128205128460e+01
7.600000000000000000e+01 5.000000000000001595e-05 1.168633352437267625e+00 1.145435443291297428e+00 4.505208333333332860e+01 6.800000000000000000e+01 4.358974358974359120e+01 1.146048978353157999e+00 4.268830128205128460e+01
7.700000000000000000e+01 4.702224258631760206e-05 1.168595861028993710e+00 1.144906756205436471e+00 4.533253205128205110e+01 6.800000000000000000e+01 4.358974358974359120e+01 1.146048978353157999e+00 4.268830128205128460e+01
7.800000000000000000e+01 4.422182595692999600e-05 1.168600520006889631e+00 1.144449353218078613e+00 4.396033653846153300e+01 6.800000000000000000e+01 4.358974358974359120e+01 1.146048978353157999e+00 4.268830128205128460e+01
7.900000000000000000e+01 4.158818855513356553e-05 1.168557064041412907e+00 1.144272769108796828e+00 4.464142628205128460e+01 6.800000000000000000e+01 4.358974358974359120e+01 1.146048978353157999e+00 4.268830128205128460e+01
8.000000000000000000e+01 3.911139781930014471e-05 1.168540304262762231e+00 1.143738841399168260e+00 4.446113782051281760e+01 6.800000000000000000e+01 4.358974358974359120e+01 1.146048978353157999e+00 4.268830128205128460e+01
8.100000000000000000e+01 3.678211272298207959e-05 1.168498128522507118e+00 1.143986596510960574e+00 4.432091346153846700e+01 6.800000000000000000e+01 4.358974358974359120e+01 1.146048978353157999e+00 4.268830128205128460e+01
8.200000000000000000e+01 3.459154854594683983e-05 1.168485782019510033e+00 1.143981108298668392e+00 4.430088141025640880e+01 6.800000000000000000e+01 4.358974358974359120e+01 1.146048978353157999e+00 4.268830128205128460e+01
8.300000000000000000e+01 3.253144374327787160e-05 1.168466255073114413e+00 1.143792474881196730e+00 4.367988782051281760e+01 6.800000000000000000e+01 4.358974358974359120e+01 1.146048978353157999e+00 4.268830128205128460e+01
8.400000000000000000e+01 3.059402878759111125e-05 1.168449305676428907e+00 1.143329722759051092e+00 4.468149038461538680e+01 6.800000000000000000e+01 4.358974358974359120e+01 1.146048978353157999e+00 4.268830128205128460e+01
8.500000000000000000e+01 2.877199686685785913e-05 1.168400176118757017e+00 1.142978723232562777e+00 4.294871794871794890e+01 8.500000000000000000e+01 4.294871794871794890e+01 1.142713401562128306e+00 4.202724358974359120e+01
8.600000000000000000e+01 2.705847632732319685e-05 1.168345244464258359e+00 1.143109310895968678e+00 4.376001602564102200e+01 8.500000000000000000e+01 4.294871794871794890e+01 1.142713401562128306e+00 4.202724358974359120e+01
8.700000000000000000e+01 2.544700475759046227e-05 1.168332342009645641e+00 1.143337789254310843e+00 4.362980769230769340e+01 8.500000000000000000e+01 4.294871794871794890e+01 1.142713401562128306e+00 4.202724358974359120e+01
8.800000000000000000e+01 2.393150461613192891e-05 1.168328294269838086e+00 1.142547511137448790e+00 4.332932692307691980e+01 8.500000000000000000e+01 4.294871794871794890e+01 1.142713401562128306e+00 4.202724358974359120e+01
8.900000000000000000e+01 2.250626031030669391e-05 1.168262414090120771e+00 1.142552543909121754e+00 4.365985576923077360e+01 8.500000000000000000e+01 4.294871794871794890e+01 1.142713401562128306e+00 4.202724358974359120e+01
9.000000000000000000e+01 2.116589664044105489e-05 1.168282105577938879e+00 1.141923681283608438e+00 4.269831730769230660e+01 9.000000000000000000e+01 4.269831730769230660e+01 1.141828582837031369e+00 4.295873397435897800e+01
9.100000000000000000e+01 1.990535852767487439e-05 1.168250052846376397e+00 1.143075527288974769e+00 4.455128205128205110e+01 9.000000000000000000e+01 4.269831730769230660e+01 1.141828582837031369e+00 4.295873397435897800e+01
9.200000000000000000e+01 1.871989194911906788e-05 1.168236300943200856e+00 1.143100773676847703e+00 4.445112179487179560e+01 9.000000000000000000e+01 4.269831730769230660e+01 1.141828582837031369e+00 4.295873397435897800e+01
9.300000000000000000e+01 1.760502600842260709e-05 1.168230473700393901e+00 1.143133456890399691e+00 4.479166666666667140e+01 9.000000000000000000e+01 4.269831730769230660e+01 1.141828582837031369e+00 4.295873397435897800e+01
9.400000000000000000e+01 1.655655607412956525e-05 1.168210060470909584e+00 1.142404090135525463e+00 4.362980769230769340e+01 9.000000000000000000e+01 4.269831730769230660e+01 1.141828582837031369e+00 4.295873397435897800e+01
9.500000000000000000e+01 1.557052792223380619e-05 1.168164348789589191e+00 1.143110279853527311e+00 4.494190705128205110e+01 9.000000000000000000e+01 4.269831730769230660e+01 1.141828582837031369e+00 4.295873397435897800e+01
9.600000000000000000e+01 1.464322282312619196e-05 1.168153928087171778e+00 1.142384244845463748e+00 4.375000000000000000e+01 9.000000000000000000e+01 4.269831730769230660e+01 1.141828582837031369e+00 4.295873397435897800e+01
9.700000000000000000e+01 1.377114351669084182e-05 1.168134104938468143e+00 1.142530930347931628e+00 4.422075320512820440e+01 9.000000000000000000e+01 4.269831730769230660e+01 1.141828582837031369e+00 4.295873397435897800e+01
9.800000000000000000e+01 1.295100102265662827e-05 1.168114050412060179e+00 1.141166913203704114e+00 4.255809294871794890e+01 9.800000000000000000e+01 4.255809294871794890e+01 1.141020770256335970e+00 4.254807692307691980e+01
9.900000000000000000e+01 1.217970223646014186e-05 1.168092277149214819e+00 1.142552814422509666e+00 4.474158653846153300e+01 9.800000000000000000e+01 4.255809294871794890e+01 1.141020770256335970e+00 4.254807692307691980e+01
1.000000000000000000e+02 1.145433826383887280e-05 1.168062650016271853e+00 1.141944538324307201e+00 4.445112179487179560e+01 9.800000000000000000e+01 4.255809294871794890e+01 1.141020770256335970e+00 4.254807692307691980e+01
1.010000000000000000e+02 1.077217345015942516e-05 1.168032505014867439e+00 1.141292807383414987e+00 4.324919871794871540e+01 9.800000000000000000e+01 4.255809294871794890e+01 1.141020770256335970e+00 4.254807692307691980e+01
1.020000000000000000e+02 1.013063506310572312e-05 1.168054156224326068e+00 1.141712086322980158e+00 4.377003205128205110e+01 9.800000000000000000e+01 4.255809294871794890e+01 1.141020770256335970e+00 4.254807692307691980e+01
1.030000000000000000e+02 9.527303589816242058e-06 1.168030043344772340e+00 1.141124063577407366e+00 4.291866987179487580e+01 9.800000000000000000e+01 4.255809294871794890e+01 1.141020770256335970e+00 4.254807692307691980e+01
1.040000000000000000e+02 8.959903611876674062e-06 1.167995712838271416e+00 1.141279708116482494e+00 4.372996794871794890e+01 9.800000000000000000e+01 4.255809294871794890e+01 1.141020770256335970e+00 4.254807692307691980e+01
1.050000000000000000e+02 8.426295223753762169e-06 1.167991733218057826e+00 1.141729765977614885e+00 4.420072115384615330e+01 9.800000000000000000e+01 4.255809294871794890e+01 1.141020770256335970e+00 4.254807692307691980e+01
1.060000000000000000e+02 7.924465962305572307e-06 1.167996851587004281e+00 1.142024426888196942e+00 4.455128205128205110e+01 9.800000000000000000e+01 4.255809294871794890e+01 1.141020770256335970e+00 4.254807692307691980e+01
1.070000000000000000e+02 7.452523216930985505e-06 1.167960719414356641e+00 1.140920921778067587e+00 4.350961538461538680e+01 9.800000000000000000e+01 4.255809294871794890e+01 1.141020770256335970e+00 4.254807692307691980e+01
1.080000000000000000e+02 7.008687091733854301e-06 1.167964626059200484e+00 1.141715581600482698e+00 4.390024038461538680e+01 9.800000000000000000e+01 4.255809294871794890e+01 1.141020770256335970e+00 4.254807692307691980e+01
1.090000000000000000e+02 6.591283692782039716e-06 1.167960023130828029e+00 1.142335291092212435e+00 4.447115384615384670e+01 9.800000000000000000e+01 4.255809294871794890e+01 1.141020770256335970e+00 4.254807692307691980e+01
1.100000000000000000e+02 6.198738815144725241e-06 1.167956657592799985e+00 1.141300846368838551e+00 4.357972756410256920e+01 9.800000000000000000e+01 4.255809294871794890e+01 1.141020770256335970e+00 4.254807692307691980e+01
1.110000000000000000e+02 5.829572005899161938e-06 1.167932772969381139e+00 1.141888551222972392e+00 4.497195512820512420e+01 9.800000000000000000e+01 4.255809294871794890e+01 1.141020770256335970e+00 4.254807692307691980e+01
1.120000000000000000e+02 5.482390980715928460e-06 1.167920973087973380e+00 1.141134159687237970e+00 4.335937500000000000e+01 9.800000000000000000e+01 4.255809294871794890e+01 1.141020770256335970e+00 4.254807692307691980e+01
1.130000000000000000e+02 5.155886372965279761e-06 1.167884405941889581e+00 1.140686119214082472e+00 4.295873397435897800e+01 9.800000000000000000e+01 4.255809294871794890e+01 1.141020770256335970e+00 4.254807692307691980e+01
1.140000000000000000e+02 4.848826795541249775e-06 1.167892759505974709e+00 1.141285096987699754e+00 4.421073717948718240e+01 9.800000000000000000e+01 4.255809294871794890e+01 1.141020770256335970e+00 4.254807692307691980e+01
1.150000000000000000e+02 4.560054196779551573e-06 1.167894423302779927e+00 1.141160003649882793e+00 4.426081730769230660e+01 9.800000000000000000e+01 4.255809294871794890e+01 1.141020770256335970e+00 4.254807692307691980e+01
1.160000000000000000e+02 4.288479492954473400e-06 1.167874762857241233e+00 1.140690002685938120e+00 4.350961538461538680e+01 9.800000000000000000e+01 4.255809294871794890e+01 1.141020770256335970e+00 4.254807692307691980e+01
1.170000000000000000e+02 4.033078460883069731e-06 1.167881911634046199e+00 1.140766826959756619e+00 4.330929487179487580e+01 9.800000000000000000e+01 4.255809294871794890e+01 1.141020770256335970e+00 4.254807692307691980e+01
1.180000000000000000e+02 3.792887875145921217e-06 1.167870381837810889e+00 1.141367536324721099e+00 4.350961538461538680e+01 9.800000000000000000e+01 4.255809294871794890e+01 1.141020770256335970e+00 4.254807692307691980e+01
1.190000000000000000e+02 3.567001875356283264e-06 1.167880073029321508e+00 1.141130849336966513e+00 4.448116987179487580e+01 9.800000000000000000e+01 4.255809294871794890e+01 1.141020770256335970e+00 4.254807692307691980e+01
1.200000000000000000e+02 3.354568549777058475e-06 1.167857850884711501e+00 1.141315926343966725e+00 4.419070512820512420e+01 9.800000000000000000e+01 4.255809294871794890e+01 1.141020770256335970e+00 4.254807692307691980e+01
1.210000000000000000e+02 3.154786722400968631e-06 1.167829050759711551e+00 1.141414539936261408e+00 4.445112179487179560e+01 9.800000000000000000e+01 4.255809294871794890e+01 1.141020770256335970e+00 4.254807692307691980e+01
1.220000000000000000e+02 2.966902931376642163e-06 1.167823489301246909e+00 1.141847168787931688e+00 4.403044871794871540e+01 9.800000000000000000e+01 4.255809294871794890e+01 1.141020770256335970e+00 4.254807692307691980e+01
1.230000000000000000e+02 2.790208587384984420e-06 1.167819413571361986e+00 1.141532914760785333e+00 4.414062500000000000e+01 9.800000000000000000e+01 4.255809294871794890e+01 1.141020770256335970e+00 4.254807692307691980e+01
1.240000000000000000e+02 2.624037301248864937e-06 1.167809032061990049e+00 1.140552798906962151e+00 4.324919871794871540e+01 9.800000000000000000e+01 4.255809294871794890e+01 1.141020770256335970e+00 4.254807692307691980e+01
1.250000000000000000e+02 2.467762370697404985e-06 1.167829592248052606e+00 1.140722345083187816e+00 4.309895833333332860e+01 9.800000000000000000e+01 4.255809294871794890e+01 1.141020770256335970e+00 4.254807692307691980e+01
1.260000000000000000e+02 2.320794416806391403e-06 1.167843509802542146e+00 1.140072059937012439e+00 4.332932692307691980e+01 9.800000000000000000e+01 4.255809294871794890e+01 1.141020770256335970e+00 4.254807692307691980e+01
1.270000000000000000e+02 2.182579161200831698e-06 1.167801492464622060e+00 1.140385085191482073e+00 4.307892628205128460e+01 9.800000000000000000e+01 4.255809294871794890e+01 1.141020770256335970e+00 4.254807692307691980e+01
1.280000000000000000e+02 2.052595335636541199e-06 1.167791873346694542e+00 1.141795731507814882e+00 4.553285256410256920e+01 9.800000000000000000e+01 4.255809294871794890e+01 1.141020770256335970e+00 4.254807692307691980e+01
1.290000000000000000e+02 1.930352716076908239e-06 1.167809201320451740e+00 1.141072482634813312e+00 4.430088141025640880e+01 9.800000000000000000e+01 4.255809294871794890e+01 1.141020770256335970e+00 4.254807692307691980e+01
1.300000000000000000e+02 1.815390273850508313e-06 1.167750488959116373e+00 1.141141961782406566e+00 4.413060897435897800e+01 9.800000000000000000e+01 4.255809294871794890e+01 1.141020770256335970e+00 4.254807692307691980e+01
1.310000000000000000e+02 1.707274436916802375e-06 1.167784118950627059e+00 1.140757692165863757e+00 4.355969551282051100e+01 9.800000000000000000e+01 4.255809294871794890e+01 1.141020770256335970e+00 4.254807692307691980e+01
1.320000000000000000e+02 1.605597454682412948e-06 1.167773400311696186e+00 1.140848989670093294e+00 4.375000000000000000e+01 9.800000000000000000e+01 4.255809294871794890e+01 1.141020770256335970e+00 4.254807692307691980e+01
1.330000000000000000e+02 1.509975860201009643e-06 1.167783588353096924e+00 1.141049204728542321e+00 4.479166666666667140e+01 9.800000000000000000e+01 4.255809294871794890e+01 1.141020770256335970e+00 4.254807692307691980e+01
1.340000000000000000e+02 1.420049023957108919e-06 1.167760183410933017e+00 1.140284821009024618e+00 4.310897435897436480e+01 9.800000000000000000e+01 4.255809294871794890e+01 1.141020770256335970e+00 4.254807692307691980e+01
1.350000000000000000e+02 1.335477793779493696e-06 1.167793622258308073e+00 1.140870899726182941e+00 4.401041666666667140e+01 9.800000000000000000e+01 4.255809294871794890e+01 1.141020770256335970e+00 4.254807692307691980e+01
1.360000000000000000e+02 1.255943215754791348e-06 1.167756364655626600e+00 1.141139253591879843e+00 4.371995192307691980e+01 9.800000000000000000e+01 4.255809294871794890e+01 1.141020770256335970e+00 4.254807692307691980e+01
1.370000000000000000e+02 1.181145331317232066e-06 1.167781376547337491e+00 1.141152375783675677e+00 4.404046474358974450e+01 9.800000000000000000e+01 4.255809294871794890e+01 1.141020770256335970e+00 4.254807692307691980e+01
1.380000000000000000e+02 1.110802045977906870e-06 1.167725874651369677e+00 1.141084180428431516e+00 4.366987179487179560e+01 9.800000000000000000e+01 4.255809294871794890e+01 1.141020770256335970e+00 4.254807692307691980e+01
1.390000000000000000e+02 1.044648065427020751e-06 1.167762124541890101e+00 1.141406030226976398e+00 4.410056089743589780e+01 9.800000000000000000e+01 4.255809294871794890e+01 1.141020770256335970e+00 4.254807692307691980e+01
1.400000000000000000e+02 9.824338949967346193e-07 1.167775979248770524e+00 1.141200952040843486e+00 4.451121794871794890e+01 9.800000000000000000e+01 4.255809294871794890e+01 1.141020770256335970e+00 4.254807692307691980e+01
1.410000000000000000e+02 9.239248987111462676e-07 1.167755681205218998e+00 1.141502079291221383e+00 4.454126602564102200e+01 9.800000000000000000e+01 4.255809294871794890e+01 1.141020770256335970e+00 4.254807692307691980e+01
1.420000000000000000e+02 8.689004143746884898e-07 1.167730252098336585e+00 1.142233533736986884e+00 4.557291666666667140e+01 9.800000000000000000e+01 4.255809294871794890e+01 1.141020770256335970e+00 4.254807692307691980e+01
1.430000000000000000e+02 8.171529213615694499e-07 1.167753215338346529e+00 1.140615110213939909e+00 4.347956730769230660e+01 9.800000000000000000e+01 4.255809294871794890e+01 1.141020770256335970e+00 4.254807692307691980e+01
1.440000000000000000e+02 7.684872579676363276e-07 1.167788064580411733e+00 1.141109034036978720e+00 4.373998397435897800e+01 9.800000000000000000e+01 4.255809294871794890e+01 1.141020770256335970e+00 4.254807692307691980e+01
1.450000000000000000e+02 7.227198853729643914e-07 1.167742021353674220e+00 1.140738681340828897e+00 4.301883012820512420e+01 9.800000000000000000e+01 4.255809294871794890e+01 1.141020770256335970e+00 4.254807692307691980e+01
1.460000000000000000e+02 6.796781954392633711e-07 1.167758243389867667e+00 1.141563013578072550e+00 4.466145833333332860e+01 9.800000000000000000e+01 4.255809294871794890e+01 1.141020770256335970e+00 4.254807692307691980e+01
1.470000000000000000e+02 6.391998597315123417e-07 1.167744958716351755e+00 1.140257945427527897e+00 4.265825320512820440e+01 9.800000000000000000e+01 4.255809294871794890e+01 1.141020770256335970e+00 4.254807692307691980e+01
1.480000000000000000e+02 6.011322173087069070e-07 1.167748269765641389e+00 1.140309170270577432e+00 4.268830128205128460e+01 9.800000000000000000e+01 4.255809294871794890e+01 1.141020770256335970e+00 4.254807692307691980e+01
1.490000000000000000e+02 5.653316989748199500e-07 1.167701102739022723e+00 1.140717922112880700e+00 4.294871794871794890e+01 9.800000000000000000e+01 4.255809294871794890e+01 1.141020770256335970e+00 4.254807692307691980e+01
