# Epoch, LR, Training Loss, Validation Loss, Validation Error, Best Epoch, Best Validation Error, Test Loss, Test Error
1.000000000000000000e+00 5.000000000000000104e-03 3.761343912185202698e-01 3.604077333823228479e-01 8.478565705128204399e+01 1.000000000000000000e+00 8.478565705128204399e+01 3.604063983911123259e-01 8.462540064102563520e+01
2.000000000000000000e+00 4.908739715099921623e-03 3.602528097106696414e-01 3.595425906853798037e-01 8.626802884615383959e+01 1.000000000000000000e+00 8.478565705128204399e+01 3.604063983911123259e-01 8.462540064102563520e+01
3.000000000000000000e+00 4.819145118119851946e-03 3.602493780753266983e-01 3.587230268197181826e-01 8.634815705128204399e+01 1.000000000000000000e+00 8.478565705128204399e+01 3.604063983911123259e-01 8.462540064102563520e+01
4.000000000000000000e+00 4.731185806828964481e-03 3.602512857048366102e-01 3.592952199471302621e-01 8.894230769230769340e+01 1.000000000000000000e+00 8.478565705128204399e+01 3.604063983911123259e-01 8.462540064102563520e+01
5.000000000000000000e+00 4.644831933899680985e-03 3.602431914334827678e-01 3.598091510625985867e-01 9.055488782051281760e+01 1.000000000000000000e+00 8.478565705128204399e+01 3.604063983911123259e-01 8.462540064102563520e+01
6.000000000000000000e+00 4.560054196779547535e-03 3.602359415333152848e-01 3.600962437116183024e-01 9.293870192307693401e+01 1.000000000000000000e+00 8.478565705128204399e+01 3.604063983911123259e-01 8.462540064102563520e+01
7.000000000000000000e+00 4.476823827747967825e-03 3.602295648340669842e-01 3.599833299716313495e-01 8.767027243589743080e+01 1.000000000000000000e+00 8.478565705128204399e+01 3.604063983911123259e-01 8.462540064102563520e+01
8.000000000000000000e+00 4.395112584154419778e-03 3.602238216636921564e-01 3.605478176703819648e-01 9.285857371794872961e+01 1.000000000000000000e+00 8.478565705128204399e+01 3.604063983911123259e-01 8.462540064102563520e+01
9.000000000000000000e+00 4.314892738834849931e-03 3.602190981444166606e-01 3.605881535854095210e-01 9.015424679487179560e+01 1.000000000000000000e+00 8.478565705128204399e+01 3.604063983911123259e-01 8.462540064102563520e+01
1.000000000000000000e+01 4.236137070702980859e-03 3.602136079185805917e-01 3.599590108944819566e-01 9.706530448717948900e+01 1.000000000000000000e+00 8.478565705128204399e+01 3.604063983911123259e-01 8.462540064102563520e+01
1.100000000000000000e+01 4.158818855513353625e-03 3.602098524863918683e-01 3.606262237597734344e-01 9.337940705128204399e+01 1.000000000000000000e+00 8.478565705128204399e+01 3.604063983911123259e-01 8.462540064102563520e+01
1.200000000000000000e+01 4.082911856792960197e-03 3.602075852922186350e-01 3.600476158735079757e-01 9.053485576923077360e+01 1.000000000000000000e+00 8.478565705128204399e+01 3.604063983911123259e-01 8.462540064102563520e+01
1.300000000000000000e+01 4.008390316938393629e-03 3.601986444445832714e-01 3.595222120101635443e-01 9.019431089743589780e+01 1.000000000000000000e+00 8.478565705128204399e+01 3.604063983911123259e-01 8.462540064102563520e+01
1.400000000000000000e+01 3.935228948475491539e-03 3.602054627497733863e-01 3.596470986421291816e-01 8.965344551282051100e+01 1.000000000000000000e+00 8.478565705128204399e+01 3.604063983911123259e-01 8.462540064102563520e+01
1.500000000000000000e+01 3.863402925478509956e-03 3.601988543520364128e-01 3.608371386161217109e-01 8.681891025641024839e+01 1.000000000000000000e+00 8.478565705128204399e+01 3.604063983911123259e-01 8.462540064102563520e+01
1.600000000000000000e+01 3.792887875145917100e-03 3.601965387338055269e-01 3.599356577182427630e-01 9.295873397435897800e+01 1.000000000000000000e+00 8.478565705128204399e+01 3.604063983911123259e-01 8.462540064102563520e+01
1.700000000000000000e+01 3.723659869529943531e-03 3.601922623332097784e-01 3.588878401579000954e-01 8.375400641025640880e+01 1.700000000000000000e+01 8.375400641025640880e+01 3.588649275211187595e-01 8.265224358974359120e+01
1.800000000000000000e+01 3.655695417417085310e-03 3.601901283083392413e-01 3.598225441498634214e-01 9.528245192307693401e+01 1.700000000000000000e+01 8.375400641025640880e+01 3.588649275211187595e-01 8.265224358974359120e+01
1.900000000000000000e+01 3.588971456356806772e-03 3.601869150738388203e-01 3.602763880521823170e-01 9.163661858974359120e+01 1.700000000000000000e+01 8.375400641025640880e+01 3.588649275211187595e-01 8.265224358974359120e+01
2.000000000000000000e+01 3.523465344835732815e-03 3.601817622066030289e-01 3.592476489452215427e-01 9.174679487179486159e+01 1.700000000000000000e+01 8.375400641025640880e+01 3.588649275211187595e-01 8.265224358974359120e+01
2.100000000000000000e+01 3.459154854594680487e-03 3.601799697115679599e-01 3.596282223096260444e-01 8.474559294871795601e+01 1.700000000000000000e+01 8.375400641025640880e+01 3.588649275211187595e-01 8.265224358974359120e+01
2.200000000000000000e+01 3.396018163085920850e-03 3.601761983406495116e-01 3.595762524085167056e-01 8.634815705128204399e+01 1.700000000000000000e+01 8.375400641025640880e+01 3.588649275211187595e-01 8.265224358974359120e+01
2.300000000000000000e+01 3.334033846068108504e-03 3.601769322432752385e-01 3.603222064482859976e-01 9.004407051282051100e+01 1.700000000000000000e+01 8.375400641025640880e+01 3.588649275211187595e-01 8.265224358974359120e+01
2.400000000000000000e+01 3.273180870336372516e-03 3.601703138178051211e-01 3.594899605482052563e-01 8.976362179487179560e+01 1.700000000000000000e+01 8.375400641025640880e+01 3.588649275211187595e-01 8.265224358974359120e+01
2.500000000000000000e+01 3.213438586585095919e-03 3.601723683754055050e-01 3.602182230888268943e-01 9.016426282051281760e+01 1.700000000000000000e+01 8.375400641025640880e+01 3.588649275211187595e-01 8.265224358974359120e+01
2.600000000000000000e+01 3.154786722400963837e-03 3.601668664491500249e-01 3.597380163577886814e-01 8.630809294871795601e+01 1.700000000000000000e+01 8.375400641025640880e+01 3.588649275211187595e-01 8.265224358974359120e+01
2.700000000000000000e+01 3.097205375383904526e-03 3.601648028783279165e-01 3.597390326933982974e-01 9.676482371794872961e+01 1.700000000000000000e+01 8.375400641025640880e+01 3.588649275211187595e-01 8.265224358974359120e+01
2.800000000000000000e+01 3.040675006393586677e-03 3.601544989674617114e-01 3.603707804129673842e-01 9.351963141025640880e+01 1.700000000000000000e+01 8.375400641025640880e+01 3.588649275211187595e-01 8.265224358974359120e+01
2.900000000000000000e+01 2.985176432919181382e-03 3.601562886830707022e-01 3.599105446766584504e-01 8.965344551282051100e+01 1.700000000000000000e+01 8.375400641025640880e+01 3.588649275211187595e-01 8.265224358974359120e+01
3.000000000000000000e+01 2.930690822570140592e-03 3.601515795430280109e-01 3.598030018500792404e-01 8.677884615384616041e+01 1.700000000000000000e+01 8.375400641025640880e+01 3.588649275211187595e-01 8.265224358974359120e+01
3.100000000000000000e+01 2.877199686685781577e-03 3.601540100232410446e-01 3.598142862319946289e-01 8.907251602564102200e+01 1.700000000000000000e+01 8.375400641025640880e+01 3.588649275211187595e-01 8.265224358974359120e+01
3.200000000000000000e+01 2.824684874061509417e-03 3.601437254719365710e-01 3.599704179244163638e-01 9.015424679487179560e+01 1.700000000000000000e+01 8.375400641025640880e+01 3.588649275211187595e-01 8.265224358974359120e+01
3.300000000000000000e+01 2.773128564789550336e-03 3.601395690939164229e-01 3.602519237842315425e-01 9.521233974358975161e+01 1.700000000000000000e+01 8.375400641025640880e+01 3.588649275211187595e-01 8.265224358974359120e+01
3.400000000000000000e+01 2.722513264212102473e-03 3.601464920992052399e-01 3.595861337887935050e-01 8.905248397435897800e+01 1.700000000000000000e+01 8.375400641025640880e+01 3.588649275211187595e-01 8.265224358974359120e+01
3.500000000000000000e+01 2.672821796984854986e-03 3.601441618418254054e-01 3.608289685768958921e-01 9.078525641025640880e+01 1.700000000000000000e+01 8.375400641025640880e+01 3.588649275211187595e-01 8.265224358974359120e+01
3.600000000000000000e+01 2.624037301248859696e-03 3.601389608900998907e-01 3.599982586426612730e-01 8.751001602564102200e+01 1.700000000000000000e+01 8.375400641025640880e+01 3.588649275211187595e-01 8.265224358974359120e+01
3.700000000000000000e+01 2.576143222908779031e-03 3.601347744540333573e-01 3.600219323849066511e-01 8.650841346153845279e+01 1.700000000000000000e+01 8.375400641025640880e+01 3.588649275211187595e-01 8.265224358974359120e+01
3.800000000000000000e+01 2.529123310015566912e-03 3.601263913487495749e-01 3.599548068566200132e-01 9.178685897435897800e+01 1.700000000000000000e+01 8.375400641025640880e+01 3.588649275211187595e-01 8.265224358974359120e+01
3.900000000000000000e+01 2.482961607251677003e-03 3.601317491682626271e-01 3.597516895104677093e-01 8.568709935897436480e+01 1.700000000000000000e+01 8.375400641025640880e+01 3.588649275211187595e-01 8.265224358974359120e+01
4.000000000000000000e+01 2.437642450516928298e-03 3.601286565222842628e-01 3.604843031901579509e-01 9.646434294871795601e+01 1.700000000000000000e+01 8.375400641025640880e+01 3.588649275211187595e-01 8.265224358974359120e+01
4.100000000000000000e+01 2.393150461613188350e-03 3.601225900245896838e-01 3.598415075968473542e-01 8.812099358974359120e+01 1.700000000000000000e+01 8.375400641025640880e+01 3.588649275211187595e-01 8.265224358974359120e+01
4.200000000000000000e+01 2.349470543026073530e-03 3.601256047460261178e-01 3.595183522273332488e-01 9.248798076923077360e+01 1.700000000000000000e+01 8.375400641025640880e+01 3.588649275211187595e-01 8.265224358974359120e+01
4.300000000000000000e+01 2.306587872801893393e-03 3.601239218308060486e-01 3.596786428720523121e-01 8.992387820512820440e+01 1.700000000000000000e+01 8.375400641025640880e+01 3.588649275211187595e-01 8.265224358974359120e+01
4.400000000000000000e+01 2.264487899518100120e-03 3.601172655749579343e-01 3.606515435072091824e-01 9.002403846153845279e+01 1.700000000000000000e+01 8.375400641025640880e+01 3.588649275211187595e-01 8.265224358974359120e+01
4.500000000000000000e+01 2.223156337345539961e-03 3.601203357256118065e-01 3.599267238989854456e-01 9.380008012820513841e+01 1.700000000000000000e+01 8.375400641025640880e+01 3.588649275211187595e-01 8.265224358974359120e+01
4.600000000000000000e+01 2.182579161200826155e-03 3.601123219444238854e-01 3.597861906656852349e-01 9.198717948717948900e+01 1.700000000000000000e+01 8.375400641025640880e+01 3.588649275211187595e-01 8.265224358974359120e+01
4.700000000000000000e+01 2.142742601987194032e-03 3.601140915165304546e-01 3.601629500969862341e-01 9.216746794871795601e+01 1.700000000000000000e+01 8.375400641025640880e+01 3.588649275211187595e-01 8.265224358974359120e+01
4.800000000000000000e+01 2.103633141922216752e-03 3.601099228050692602e-01 3.600225716065137971e-01 8.699919871794872961e+01 1.700000000000000000e+01 8.375400641025640880e+01 3.588649275211187595e-01 8.265224358974359120e+01
4.900000000000000000e+01 2.065237509950803088e-03 3.601090110485220541e-01 3.600189349590203758e-01 9.505208333333334281e+01 1.700000000000000000e+01 8.375400641025640880e+01 3.588649275211187595e-01 8.265224358974359120e+01
5.000000000000000000e+01 2.027542677241915559e-03 3.601056063941535101e-01 3.608622226195457583e-01 9.509214743589743080e+01 1.700000000000000000e+01 8.375400641025640880e+01 3.588649275211187595e-01 8.265224358974359120e+01
5.100000000000000000e+01 1.990535852767482804e-03 3.601064246521500367e-01 3.599618172798401128e-01 8.804086538461538680e+01 1.700000000000000000e+01 8.375400641025640880e+01 3.588649275211187595e-01 8.265224358974359120e+01
5.200000000000000000e+01 1.954204478962006525e-03 3.601028183447625430e-01 3.600782369955992102e-01 8.839142628205127039e+01 1.700000000000000000e+01 8.375400641025640880e+01 3.588649275211187595e-01 8.265224358974359120e+01
5.300000000000000000e+01 1.918536227461390201e-03 3.600999419029158877e-01 3.600857999080266936e-01 9.106570512820513841e+01 1.700000000000000000e+01 8.375400641025640880e+01 3.588649275211187595e-01 8.265224358974359120e+01
5.400000000000000000e+01 1.883518994919540675e-03 3.600971385017027182e-01 3.598300833732653858e-01 8.509615384615383959e+01 1.700000000000000000e+01 8.375400641025640880e+01 3.588649275211187595e-01 8.265224358974359120e+01
5.500000000000000000e+01 1.849140898901327490e-03 3.600965660028206949e-01 3.602159967025120868e-01 9.246794871794872961e+01 1.700000000000000000e+01 8.375400641025640880e+01 3.588649275211187595e-01 8.265224358974359120e+01
5.600000000000000000e+01 1.815390273850503097e-03 3.600960874552464608e-01 3.599966699496293665e-01 9.018429487179486159e+01 1.700000000000000000e+01 8.375400641025640880e+01 3.588649275211187595e-01 8.265224358974359120e+01
5.700000000000000000e+01 1.782255667131217624e-03 3.600913568721204605e-01 3.593213298381903176e-01 8.900240384615383959e+01 1.700000000000000000e+01 8.375400641025640880e+01 3.588649275211187595e-01 8.265224358974359120e+01
5.800000000000000000e+01 1.749725835141782921e-03 3.600917982139539286e-01 3.595858449355149866e-01 9.092548076923077360e+01 1.700000000000000000e+01 8.375400641025640880e+01 3.588649275211187595e-01 8.265224358974359120e+01
5.900000000000000000e+01 1.717789739499369674e-03 3.600892332774339732e-01 3.602204895936526041e-01 9.196714743589743080e+01 1.700000000000000000e+01 8.375400641025640880e+01 3.588649275211187595e-01 8.265224358974359120e+01
6.000000000000000000e+01 1.686436543294340864e-03 3.600864367262692212e-01 3.601945340633392334e-01 9.097556089743589780e+01 1.700000000000000000e+01 8.375400641025640880e+01 3.588649275211187595e-01 8.265224358974359120e+01
6.100000000000000000e+01 1.655655607412951985e-03 3.600898378508086695e-01 3.595680265854566682e-01 9.184695512820513841e+01 1.700000000000000000e+01 8.375400641025640880e+01 3.588649275211187595e-01 8.265224358974359120e+01
6.200000000000000000e+01 1.625436486927168359e-03 3.600841031905920309e-01 3.604298952298286562e-01 9.332932692307693401e+01 1.700000000000000000e+01 8.375400641025640880e+01 3.588649275211187595e-01 8.265224358974359120e+01
6.300000000000000000e+01 1.595768927550377230e-03 3.600868167153121191e-01 3.602733940650255096e-01 8.855168269230769340e+01 1.700000000000000000e+01 8.375400641025640880e+01 3.588649275211187595e-01 8.265224358974359120e+01
6.400000000000000000e+01 1.566642862157789206e-03 3.600795830557124710e-01 3.599739781556985374e-01 8.893229166666665719e+01 1.700000000000000000e+01 8.375400641025640880e+01 3.588649275211187595e-01 8.265224358974359120e+01
6.500000000000000000e+01 1.538048407370350536e-03 3.600775611385512165e-01 3.597117777054126275e-01 9.037459935897436480e+01 1.700000000000000000e+01 8.375400641025640880e+01 3.588649275211187595e-01 8.265224358974359120e+01
6.600000000000000000e+01 1.509975860201004600e-03 3.600788210150662194e-01 3.598052534537437563e-01 8.364383012820513841e+01 6.600000000000000000e+01 8.364383012820513841e+01 3.597974303441169863e-01 8.383413461538461320e+01
6.700000000000000000e+01 1.482415694762167667e-03 3.600784176545298032e-01 3.598291128873825073e-01 9.214743589743589780e+01 6.600000000000000000e+01 8.364383012820513841e+01 3.597974303441169863e-01 8.383413461538461320e+01
6.800000000000000000e+01 1.455358559033299165e-03 3.600750911343129634e-01 3.596327144366044393e-01 9.262820512820513841e+01 6.600000000000000000e+01 8.364383012820513841e+01 3.597974303441169863e-01 8.383413461538461320e+01
6.900000000000000000e+01 1.428795271687469896e-03 3.600758804451951178e-01 3.600931805677903275e-01 9.120592948717948900e+01 6.600000000000000000e+01 8.364383012820513841e+01 3.597974303441169863e-01 8.383413461538461320e+01
7.000000000000000000e+01 1.402716818975853312e-03 3.600717777189012536e-01 3.597757048331774454e-01 9.094551282051281760e+01 6.600000000000000000e+01 8.364383012820513841e+01 3.597974303441169863e-01 8.383413461538461320e+01
7.100000000000000000e+01 1.377114351669079736e-03 3.600701098662419386e-01 3.595611170316354022e-01 8.918269230769230660e+01 6.600000000000000000e+01 8.364383012820513841e+01 3.597974303441169863e-01 8.383413461538461320e+01
7.200000000000000000e+01 1.351979182054418313e-03 3.600693735950253882e-01 3.600521053259189141e-01 9.136618589743589780e+01 6.600000000000000000e+01 8.364383012820513841e+01 3.597974303441169863e-01 8.383413461538461320e+01
7.300000000000000000e+01 1.327302780987766034e-03 3.600707934080153994e-01 3.599812094217691438e-01 8.318309294871795601e+01 7.300000000000000000e+01 8.318309294871795601e+01 3.599993024881069648e-01 8.363381410256410220e+01
7.400000000000000000e+01 1.303076774999444194e-03 3.600662429929031294e-01 3.597016009764793520e-01 8.807091346153845279e+01 7.300000000000000000e+01 8.318309294871795601e+01 3.599993024881069648e-01 8.363381410256410220e+01
7.500000000000000000e+01 1.279292943452819357e-03 3.600718754892996976e-01 3.602704528050544863e-01 8.975360576923077360e+01 7.300000000000000000e+01 8.318309294871795601e+01 3.599993024881069648e-01 8.363381410256410220e+01
7.600000000000000000e+01 1.255943215754786466e-03 3.600676046601326563e-01 3.602973765287643682e-01 9.078525641025640880e+01 7.300000000000000000e+01 8.318309294871795601e+01 3.599993024881069648e-01 8.363381410256410220e+01
7.700000000000000000e+01 1.233019668617166102e-03 3.600642837951884001e-01 3.599438143846316329e-01 9.010416666666665719e+01 7.300000000000000000e+01 8.318309294871795601e+01 3.599993024881069648e-01 8.363381410256410220e+01
7.800000000000000000e+01 1.210514523368085623e-03 3.600643058712932887e-01 3.600003956220088619e-01 8.917267628205127039e+01 7.300000000000000000e+01 8.318309294871795601e+01 3.599993024881069648e-01 8.363381410256410220e+01
7.900000000000000000e+01 1.188420143312434764e-03 3.600609714739398948e-01 3.598047372622367734e-01 8.399439102564102200e+01 7.300000000000000000e+01 8.318309294871795601e+01 3.599993024881069648e-01 8.363381410256410220e+01
8.000000000000000000e+01 1.166729031140497762e-03 3.600631385123550521e-01 3.595150307967112657e-01 8.087940705128204399e+01 8.000000000000000000e+01 8.087940705128204399e+01 3.595255112800842534e-01 8.145032051282051100e+01
8.100000000000000000e+01 1.145433826383882936e-03 3.600614936664681687e-01 3.598036082127155644e-01 9.494190705128204399e+01 8.000000000000000000e+01 8.087940705128204399e+01 3.595255112800842534e-01 8.145032051282051100e+01
8.200000000000000000e+01 1.124527302917886903e-03 3.600582995986884582e-01 3.597419464435333003e-01 9.212740384615383959e+01 8.000000000000000000e+01 8.087940705128204399e+01 3.595255112800842534e-01 8.145032051282051100e+01
8.300000000000000000e+01 1.104002366509446251e-03 3.600571682758682557e-01 3.599701711000540261e-01 9.200721153846154721e+01 8.000000000000000000e+01 8.087940705128204399e+01 3.595255112800842534e-01 8.145032051282051100e+01
8.400000000000000000e+01 1.083852052409843775e-03 3.600578173368284562e-01 3.596914842342718854e-01 9.136618589743589780e+01 8.000000000000000000e+01 8.087940705128204399e+01 3.595255112800842534e-01 8.145032051282051100e+01
8.500000000000000000e+01 1.064069522991352434e-03 3.600558196547531398e-01 3.600230977321282611e-01 8.976362179487179560e+01 8.000000000000000000e+01 8.087940705128204399e+01 3.595255112800842534e-01 8.145032051282051100e+01
8.600000000000000000e+01 1.044648065427016253e-03 3.600557868592026978e-01 3.596093295476375240e-01 9.030448717948718240e+01 8.000000000000000000e+01 8.087940705128204399e+01 3.595255112800842534e-01 8.145032051282051100e+01
8.700000000000000000e+01 1.025581089412779283e-03 3.600540514702635364e-01 3.595366840943312048e-01 8.814102564102563520e+01 8.000000000000000000e+01 8.087940705128204399e+01 3.595255112800842534e-01 8.145032051282051100e+01
8.800000000000000000e+01 1.006862124931190688e-03 3.600505781728752797e-01 3.596743895457341078e-01 9.002403846153845279e+01 8.000000000000000000e+01 8.087940705128204399e+01 3.595255112800842534e-01 8.145032051282051100e+01
8.900000000000000000e+01 9.884848200559270045e-04 3.600516477991448361e-01 3.599611058449133649e-01 9.063501602564102200e+01 8.000000000000000000e+01 8.087940705128204399e+01 3.595255112800842534e-01 8.145032051282051100e+01
9.000000000000000000e+01 9.704429387963857531e-04 3.600505272838062654e-01 3.601205081511766326e-01 9.081530448717948900e+01 8.000000000000000000e+01 8.087940705128204399e+01 3.595255112800842534e-01 8.145032051282051100e+01
9.100000000000000000e+01 9.527303589816203027e-04 3.600507598920015262e-01 3.600895060942723158e-01 9.033453525641024839e+01 8.000000000000000000e+01 8.087940705128204399e+01 3.595255112800842534e-01 8.145032051282051100e+01
9.200000000000000000e+01 9.353410701828970527e-04 3.600446881163320012e-01 3.599419624377519500e-01 9.213741987179486159e+01 8.000000000000000000e+01 8.087940705128204399e+01 3.595255112800842534e-01 8.145032051282051100e+01
9.300000000000000000e+01 9.182691716741699832e-04 3.600462417190697928e-01 3.594347314956860551e-01 8.699919871794872961e+01 8.000000000000000000e+01 8.087940705128204399e+01 3.595255112800842534e-01 8.145032051282051100e+01
9.400000000000000000e+01 9.015088704297812873e-04 3.600493098658538726e-01 3.599097721087626822e-01 8.640825320512820440e+01 8.000000000000000000e+01 8.087940705128204399e+01 3.595255112800842534e-01 8.145032051282051100e+01
9.500000000000000000e+01 8.850544791587074221e-04 3.600487585710999694e-01 3.603424525413757573e-01 9.525240384615383959e+01 8.000000000000000000e+01 8.087940705128204399e+01 3.595255112800842534e-01 8.145032051282051100e+01
9.600000000000000000e+01 8.689004143746846629e-04 3.600456348735247558e-01 3.600220370751160970e-01 9.023437500000000000e+01 8.000000000000000000e+01 8.087940705128204399e+01 3.595255112800842534e-01 8.145032051282051100e+01
9.700000000000000000e+01 8.530411945015587598e-04 3.600411486325509891e-01 3.598223787087660441e-01 8.888221153846154721e+01 8.000000000000000000e+01 8.087940705128204399e+01 3.595255112800842534e-01 8.145032051282051100e+01
9.800000000000000000e+01 8.374714380132156554e-04 3.600458011653692170e-01 3.602065359934782385e-01 9.352964743589743080e+01 8.000000000000000000e+01 8.087940705128204399e+01 3.595255112800842534e-01 8.145032051282051100e+01
9.900000000000000000e+01 8.221858616074628019e-04 3.600428312794705099e-01 3.602988475408309688e-01 8.717948717948718240e+01 8.000000000000000000e+01 8.087940705128204399e+01 3.595255112800842534e-01 8.145032051282051100e+01
1.000000000000000000e+02 8.071792784132401531e-04 3.600422824581123171e-01 3.598157656498444656e-01 9.165665064102563520e+01 8.000000000000000000e+01 8.087940705128204399e+01 3.595255112800842534e-01 8.145032051282051100e+01
1.010000000000000000e+02 7.924465962305537884e-04 3.600400795303059787e-01 3.597148782931841593e-01 8.933293269230769340e+01 8.000000000000000000e+01 8.087940705128204399e+01 3.595255112800842534e-01 8.145032051282051100e+01
1.020000000000000000e+02 7.779828158025342295e-04 3.600426103926556709e-01 3.597665830300404433e-01 8.615785256410256920e+01 8.000000000000000000e+01 8.087940705128204399e+01 3.595255112800842534e-01 8.145032051282051100e+01
1.030000000000000000e+02 7.637830291190333314e-04 3.600409929595393965e-01 3.600781452961457352e-01 9.016426282051281760e+01 8.000000000000000000e+01 8.087940705128204399e+01 3.595255112800842534e-01 8.145032051282051100e+01
1.040000000000000000e+02 7.498424177511838189e-04 3.600360238152996439e-01 3.603642368927980066e-01 9.048477564102563520e+01 8.000000000000000000e+01 8.087940705128204399e+01 3.595255112800842534e-01 8.145032051282051100e+01
1.050000000000000000e+02 7.361562512163564911e-04 3.600363711177891890e-01 3.599195648462344410e-01 8.576722756410256920e+01 8.000000000000000000e+01 8.087940705128204399e+01 3.595255112800842534e-01 8.145032051282051100e+01
1.060000000000000000e+02 7.227198853729608491e-04 3.600365157401717586e-01 3.599679875068175217e-01 9.025440705128204399e+01 8.000000000000000000e+01 8.087940705128204399e+01 3.595255112800842534e-01 8.145032051282051100e+01
1.070000000000000000e+02 7.095287608445431443e-04 3.600363421958279742e-01 3.599087916887723226e-01 8.395432692307693401e+01 8.000000000000000000e+01 8.087940705128204399e+01 3.595255112800842534e-01 8.145032051282051100e+01
1.080000000000000000e+02 6.965784014726486345e-04 3.600328759832512326e-01 3.598862664821820267e-01 8.979366987179486159e+01 8.000000000000000000e+01 8.087940705128204399e+01 3.595255112800842534e-01 8.145032051282051100e+01
1.090000000000000000e+02 6.838644127979216693e-04 3.600367447053485770e-01 3.603041504438107001e-01 9.013421474358975161e+01 8.000000000000000000e+01 8.087940705128204399e+01 3.595255112800842534e-01 8.145032051282051100e+01
1.100000000000000000e+02 6.713824805689290421e-04 3.600352730851985594e-01 3.599326946796514992e-01 9.006410256410256920e+01 8.000000000000000000e+01 8.087940705128204399e+01 3.595255112800842534e-01 8.145032051282051100e+01
1.110000000000000000e+02 6.591283692782007190e-04 3.600336953186422106e-01 3.602493642232356685e-01 8.951322115384616041e+01 8.000000000000000000e+01 8.087940705128204399e+01 3.595255112800842534e-01 8.145032051282051100e+01
1.120000000000000000e+02 6.470979207249901886e-04 3.600330634079564329e-01 3.598878975862112028e-01 9.066506410256410220e+01 8.000000000000000000e+01 8.087940705128204399e+01 3.595255112800842534e-01 8.145032051282051100e+01
1.130000000000000000e+02 6.352870526042680597e-04 3.600291080834711610e-01 3.598004820255132907e-01 8.818108974358975161e+01 8.000000000000000000e+01 8.087940705128204399e+01 3.595255112800842534e-01 8.145032051282051100e+01
1.140000000000000000e+02 6.236917571214687121e-04 3.600330617017326040e-01 3.602533367199775571e-01 9.128605769230769340e+01 8.000000000000000000e+01 8.087940705128204399e+01 3.595255112800842534e-01 8.145032051282051100e+01
1.150000000000000000e+02 6.123080996325216269e-04 3.600324575475775113e-01 3.599457339598582384e-01 9.123597756410256920e+01 8.000000000000000000e+01 8.087940705128204399e+01 3.595255112800842534e-01 8.145032051282051100e+01
1.160000000000000000e+02 6.011322173087037908e-04 3.600335240967750816e-01 3.599787132862286576e-01 9.019431089743589780e+01 8.000000000000000000e+01 8.087940705128204399e+01 3.595255112800842534e-01 8.145032051282051100e+01
1.170000000000000000e+02 5.901603178258621463e-04 3.600306378368051119e-01 3.600299163506581190e-01 9.429086538461538680e+01 8.000000000000000000e+01 8.087940705128204399e+01 3.595255112800842534e-01 8.145032051282051100e+01
1.180000000000000000e+02 5.793886780775603720e-04 3.600296885097961086e-01 3.600159959915356644e-01 9.020432692307693401e+01 8.000000000000000000e+01 8.087940705128204399e+01 3.595255112800842534e-01 8.145032051282051100e+01
1.190000000000000000e+02 5.688136429117128436e-04 3.600291901834404285e-01 3.599846168206288222e-01 8.763020833333334281e+01 8.000000000000000000e+01 8.087940705128204399e+01 3.595255112800842534e-01 8.145032051282051100e+01
1.200000000000000000e+02 5.584316238902779480e-04 3.600313426372052095e-01 3.597559829552968158e-01 8.590745192307693401e+01 8.000000000000000000e+01 8.087940705128204399e+01 3.595255112800842534e-01 8.145032051282051100e+01
1.210000000000000000e+02 5.482390980715899729e-04 3.600272356139102570e-01 3.594796523833886370e-01 8.589743589743589780e+01 8.000000000000000000e+01 8.087940705128204399e+01 3.595255112800842534e-01 8.145032051282051100e+01
1.220000000000000000e+02 5.382326068149149729e-04 3.600269572772394899e-01 3.598913401365280151e-01 8.987379807692306599e+01 8.000000000000000000e+01 8.087940705128204399e+01 3.595255112800842534e-01 8.145032051282051100e+01
1.230000000000000000e+02 5.284087546068267456e-04 3.600272842559621433e-01 3.598840293975976712e-01 8.601762820512820440e+01 8.000000000000000000e+01 8.087940705128204399e+01 3.595255112800842534e-01 8.145032051282051100e+01
1.240000000000000000e+02 5.187642079090038242e-04 3.600270708941393782e-01 3.599256789072965979e-01 8.653846153846154721e+01 8.000000000000000000e+01 8.087940705128204399e+01 3.595255112800842534e-01 8.145032051282051100e+01
1.250000000000000000e+02 5.092956940270559809e-04 3.600253572962357484e-01 3.597987557833011163e-01 8.614783653846154721e+01 8.000000000000000000e+01 8.087940705128204399e+01 3.595255112800842534e-01 8.145032051282051100e+01
1.260000000000000000e+02 4.999999999999975167e-04 3.600259397557757923e-01 3.599630781473257546e-01 9.023437500000000000e+01 8.000000000000000000e+01 8.087940705128204399e+01 3.595255112800842534e-01 8.145032051282051100e+01
1.270000000000000000e+02 4.908739715099897120e-04 3.600247444516580519e-01 3.599261931883983023e-01 8.923277243589743080e+01 8.000000000000000000e+01 8.087940705128204399e+01 3.595255112800842534e-01 8.145032051282051100e+01
1.280000000000000000e+02 4.819145118119828311e-04 3.600262990102165439e-01 3.599971834665689485e-01 8.888221153846154721e+01 8.000000000000000000e+01 8.087940705128204399e+01 3.595255112800842534e-01 8.145032051282051100e+01
1.290000000000000000e+02 4.731185806828940954e-04 3.600262709518477489e-01 3.596887687842051373e-01 8.638822115384616041e+01 8.000000000000000000e+01 8.087940705128204399e+01 3.595255112800842534e-01 8.145032051282051100e+01
1.300000000000000000e+02 4.644831933899657892e-04 3.600240033594159228e-01 3.599226597027900820e-01 9.086538461538461320e+01 8.000000000000000000e+01 8.087940705128204399e+01 3.595255112800842534e-01 8.145032051282051100e+01
1.310000000000000000e+02 4.560054196779524875e-04 3.600247577493042028e-01 3.600957871247560393e-01 9.519230769230769340e+01 8.000000000000000000e+01 8.087940705128204399e+01 3.595255112800842534e-01 8.145032051282051100e+01
1.320000000000000000e+02 4.476823827747945274e-04 3.600238092942720236e-01 3.600309040301885588e-01 8.841145833333334281e+01 8.000000000000000000e+01 8.087940705128204399e+01 3.595255112800842534e-01 8.145032051282051100e+01
1.330000000000000000e+02 4.395112584154398311e-04 3.600219346824988786e-01 3.598990176732723700e-01 8.935296474358975161e+01 8.000000000000000000e+01 8.087940705128204399e+01 3.595255112800842534e-01 8.145032051282051100e+01
1.340000000000000000e+02 4.314892738834828572e-04 3.600219742987524341e-01 3.598113724818596260e-01 9.005408653846154721e+01 8.000000000000000000e+01 8.087940705128204399e+01 3.595255112800842534e-01 8.145032051282051100e+01
1.350000000000000000e+02 4.236137070702959608e-04 3.600204320610583819e-01 3.597082262619947790e-01 8.792067307692306599e+01 8.000000000000000000e+01 8.087940705128204399e+01 3.595255112800842534e-01 8.145032051282051100e+01
1.360000000000000000e+02 4.158818855513332700e-04 3.600226608714837129e-01 3.598374292636529193e-01 8.699919871794872961e+01 8.000000000000000000e+01 8.087940705128204399e+01 3.595255112800842534e-01 8.145032051282051100e+01
1.370000000000000000e+02 4.082911856792940139e-04 3.600212991120259054e-01 3.595805099377265557e-01 8.792067307692306599e+01 8.000000000000000000e+01 8.087940705128204399e+01 3.595255112800842534e-01 8.145032051282051100e+01
1.380000000000000000e+02 4.008390316938373896e-04 3.600189525344265062e-01 3.601819166006186013e-01 9.151642628205127039e+01 8.000000000000000000e+01 8.087940705128204399e+01 3.595255112800842534e-01 8.145032051282051100e+01
1.390000000000000000e+02 3.935228948475471807e-04 3.600204901439360006e-01 3.594512927990693441e-01 8.010817307692306599e+01 1.390000000000000000e+02 8.010817307692306599e+01 3.594394268897863620e-01 8.001802884615383959e+01
1.400000000000000000e+02 3.863402925478490548e-04 3.600215727869745530e-01 3.598087067023301722e-01 8.324318910256410220e+01 1.390000000000000000e+02 8.010817307692306599e+01 3.594394268897863620e-01 8.001802884615383959e+01
1.410000000000000000e+02 3.792887875145898127e-04 3.600193477537179665e-01 3.595352287475879205e-01 8.225160256410256920e+01 1.390000000000000000e+02 8.010817307692306599e+01 3.594394268897863620e-01 8.001802884615383959e+01
1.420000000000000000e+02 3.723659869529924666e-04 3.600168181616036911e-01 3.593845707483780960e-01 7.563100961538461320e+01 1.420000000000000000e+02 7.563100961538461320e+01 3.593754615539159758e-01 7.577123397435897800e+01
1.430000000000000000e+02 3.655695417417066662e-04 3.600183056953302208e-01 3.597605534088917367e-01 8.866185897435897800e+01 1.420000000000000000e+02 7.563100961538461320e+01 3.593754615539159758e-01 7.577123397435897800e+01
1.440000000000000000e+02 3.588971456356788124e-04 3.600165721341885838e-01 3.596662787290719754e-01 8.489583333333334281e+01 1.420000000000000000e+02 7.563100961538461320e+01 3.593754615539159758e-01 7.577123397435897800e+01
1.450000000000000000e+02 3.523465344835714059e-04 3.600150052883031582e-01 3.594295546794549212e-01 8.652844551282051100e+01 1.420000000000000000e+02 7.563100961538461320e+01 3.593754615539159758e-01 7.577123397435897800e+01
1.460000000000000000e+02 3.459154854594662164e-04 3.600155090351684350e-01 3.604835974864470383e-01 8.639823717948718240e+01 1.420000000000000000e+02 7.563100961538461320e+01 3.593754615539159758e-01 7.577123397435897800e+01
1.470000000000000000e+02 3.396018163085902527e-04 3.600186266624436082e-01 3.601210969380843063e-01 8.610777243589743080e+01 1.420000000000000000e+02 7.563100961538461320e+01 3.593754615539159758e-01 7.577123397435897800e+01
1.480000000000000000e+02 3.334033846068090398e-04 3.600171844840871493e-01 3.592873131617521643e-01 7.572115384615383959e+01 1.420000000000000000e+02 7.563100961538461320e+01 3.593754615539159758e-01 7.577123397435897800e+01
1.490000000000000000e+02 3.273180870336355060e-04 3.600152822373570149e-01 3.597419456793711778e-01 8.132011217948718240e+01 1.420000000000000000e+02 7.563100961538461320e+01 3.593754615539159758e-01 7.577123397435897800e+01
1.500000000000000000e+02 3.213438586585078789e-04 3.600136187697349222e-01 3.594351047888780237e-01 7.902644230769230660e+01 1.420000000000000000e+02 7.563100961538461320e+01 3.593754615539159758e-01 7.577123397435897800e+01
1.510000000000000000e+02 3.154786722400947032e-04 3.600142332366925157e-01 3.593821040330789085e-01 7.323717948717948900e+01 1.510000000000000000e+02 7.323717948717948900e+01 3.594405616705234063e-01 7.416866987179486159e+01
1.520000000000000000e+02 3.097205375383888372e-04 3.600159795546870600e-01 3.598279288181892022e-01 8.368389423076922640e+01 1.510000000000000000e+02 7.323717948717948900e+01 3.594405616705234063e-01 7.416866987179486159e+01
1.530000000000000000e+02 3.040675006393571064e-04 3.600135689580603038e-01 3.595018616089454278e-01 8.200120192307693401e+01 1.510000000000000000e+02 7.323717948717948900e+01 3.594405616705234063e-01 7.416866987179486159e+01
1.540000000000000000e+02 2.985176432919166311e-04 3.600139588406860991e-01 3.592456468404867653e-01 7.625200320512820440e+01 1.510000000000000000e+02 7.323717948717948900e+01 3.594405616705234063e-01 7.416866987179486159e+01
1.550000000000000000e+02 2.930690822570125847e-04 3.600134474221018954e-01 3.593230778590226770e-01 7.563100961538461320e+01 1.510000000000000000e+02 7.323717948717948900e+01 3.594405616705234063e-01 7.416866987179486159e+01
1.560000000000000000e+02 2.877199686685766940e-04 3.600134531821794215e-01 3.597456728800749182e-01 8.230168269230769340e+01 1.510000000000000000e+02 7.323717948717948900e+01 3.594405616705234063e-01 7.416866987179486159e+01
1.570000000000000000e+02 2.824684874061495323e-04 3.600129777703678924e-01 3.599092650872010579e-01 9.065504807692306599e+01 1.510000000000000000e+02 7.323717948717948900e+01 3.594405616705234063e-01 7.416866987179486159e+01
1.580000000000000000e+02 2.773128564789536675e-04 3.600128473427614550e-01 3.599808510297384245e-01 9.552283653846154721e+01 1.510000000000000000e+02 7.323717948717948900e+01 3.594405616705234063e-01 7.416866987179486159e+01
1.590000000000000000e+02 2.722513264212089029e-04 3.600120277013401648e-01 3.595607735407658212e-01 7.937700320512820440e+01 1.510000000000000000e+02 7.323717948717948900e+01 3.594405616705234063e-01 7.416866987179486159e+01
1.600000000000000000e+02 2.672821796984841541e-04 3.600104325581308107e-01 3.594999000048025861e-01 8.975360576923077360e+01 1.510000000000000000e+02 7.323717948717948900e+01 3.594405616705234063e-01 7.416866987179486159e+01
1.610000000000000000e+02 2.624037301248846252e-04 3.600104171811553400e-01 3.601806316620264070e-01 9.318910256410256920e+01 1.510000000000000000e+02 7.323717948717948900e+01 3.594405616705234063e-01 7.416866987179486159e+01
1.620000000000000000e+02 2.576143222908765804e-04 3.600139367268514468e-01 3.595821471550526005e-01 7.911658653846154721e+01 1.510000000000000000e+02 7.323717948717948900e+01 3.594405616705234063e-01 7.416866987179486159e+01
1.630000000000000000e+02 2.529123310015553685e-04 3.600132078674376235e-01 3.594160702748176450e-01 8.486578525641024839e+01 1.510000000000000000e+02 7.323717948717948900e+01 3.594405616705234063e-01 7.416866987179486159e+01
1.640000000000000000e+02 2.482961607251664210e-04 3.600089064058933364e-01 3.596283044570531828e-01 8.148036858974359120e+01 1.510000000000000000e+02 7.323717948717948900e+01 3.594405616705234063e-01 7.416866987179486159e+01
1.650000000000000000e+02 2.437642450516915504e-04 3.600095353946183852e-01 3.591063981636976599e-01 7.062299679487179560e+01 1.650000000000000000e+02 7.062299679487179560e+01 3.591338648245884779e-01 7.026241987179486159e+01
1.660000000000000000e+02 2.393150461613175882e-04 3.600092205187660488e-01 3.594636901831015363e-01 7.669270833333334281e+01 1.650000000000000000e+02 7.062299679487179560e+01 3.591338648245884779e-01 7.026241987179486159e+01
1.670000000000000000e+02 2.349470543026061387e-04 3.600081219621508732e-01 3.590887150703332420e-01 6.854967948717948900e+01 1.670000000000000000e+02 6.854967948717948900e+01 3.591445394051380746e-01 7.050280448717948900e+01
1.680000000000000000e+02 2.306587872801881304e-04 3.600084125358422038e-01 3.592113053951507817e-01 7.688301282051281760e+01 1.670000000000000000e+02 6.854967948717948900e+01 3.591445394051380746e-01 7.050280448717948900e+01
1.690000000000000000e+02 2.264487899518088248e-04 3.600084672272331199e-01 3.589300280198072790e-01 7.226562500000000000e+01 1.670000000000000000e+02 6.854967948717948900e+01 3.591445394051380746e-01 7.050280448717948900e+01
1.700000000000000000e+02 2.223156337345528197e-04 3.600079696093586024e-01 3.585333132591003169e-01 7.271634615384616041e+01 1.670000000000000000e+02 6.854967948717948900e+01 3.591445394051380746e-01 7.050280448717948900e+01
1.710000000000000000e+02 2.182579161200814825e-04 3.600056693639109850e-01 3.594955694981110672e-01 6.913060897435897800e+01 1.670000000000000000e+02 6.854967948717948900e+01 3.591445394051380746e-01 7.050280448717948900e+01
1.720000000000000000e+02 2.142742601987182864e-04 3.600042489262837431e-01 3.585153730251850468e-01 6.142828525641025550e+01 1.720000000000000000e+02 6.142828525641025550e+01 3.585528887999363534e-01 6.165865384615384670e+01
1.730000000000000000e+02 2.103633141922205856e-04 3.600047390610880971e-01 3.582419053866313097e-01 6.995192307692306599e+01 1.720000000000000000e+02 6.142828525641025550e+01 3.585528887999363534e-01 6.165865384615384670e+01
1.740000000000000000e+02 2.065237509950792355e-04 3.600045969456387995e-01 3.588766138523052929e-01 7.210536858974359120e+01 1.720000000000000000e+02 6.142828525641025550e+01 3.585528887999363534e-01 6.165865384615384670e+01
1.750000000000000000e+02 2.027542677241904771e-04 3.600041336911961043e-01 3.579725030905160921e-01 5.298477564102563520e+01 1.750000000000000000e+02 5.298477564102563520e+01 3.580590624075669637e-01 5.458733974358974450e+01
1.760000000000000000e+02 1.990535852767472125e-04 3.600017345141117153e-01 3.578387254323714961e-01 5.630008012820513130e+01 1.750000000000000000e+02 5.298477564102563520e+01 3.580590624075669637e-01 5.458733974358974450e+01
1.770000000000000000e+02 1.954204478961996171e-04 3.600010422106482699e-01 3.581126420161662716e-01 6.023637820512820440e+01 1.750000000000000000e+02 5.298477564102563520e+01 3.580590624075669637e-01 5.458733974358974450e+01
1.780000000000000000e+02 1.918536227461380172e-04 3.600027512432503185e-01 3.582892994850109813e-01 6.497395833333334281e+01 1.750000000000000000e+02 5.298477564102563520e+01 3.580590624075669637e-01 5.458733974358974450e+01
1.790000000000000000e+02 1.883518994919530754e-04 3.600019487437190469e-01 3.581983619011365194e-01 5.562900641025640880e+01 1.750000000000000000e+02 5.298477564102563520e+01 3.580590624075669637e-01 5.458733974358974450e+01
1.800000000000000000e+02 1.849140898901317678e-04 3.599985851267585302e-01 3.577944380350602249e-01 5.273437500000000000e+01 1.800000000000000000e+02 5.273437500000000000e+01 3.579015330626414415e-01 5.415665064102563520e+01
1.810000000000000000e+02 1.815390273850493448e-04 3.600005875837452574e-01 3.581389517356187713e-01 6.448317307692306599e+01 1.800000000000000000e+02 5.273437500000000000e+01 3.579015330626414415e-01 5.415665064102563520e+01
1.820000000000000000e+02 1.782255667131208028e-04 3.599990590964545767e-01 3.582383730472662453e-01 5.156250000000000000e+01 1.820000000000000000e+02 5.156250000000000000e+01 3.582687549866162557e-01 5.171274038461538680e+01
1.830000000000000000e+02 1.749725835141773434e-04 3.599981593295883409e-01 3.587989088816520566e-01 5.652043269230768630e+01 1.820000000000000000e+02 5.156250000000000000e+01 3.582687549866162557e-01 5.171274038461538680e+01
1.840000000000000000e+02 1.717789739499360349e-04 3.599975144608242861e-01 3.579387278893055302e-01 5.009014423076922640e+01 1.840000000000000000e+02 5.009014423076922640e+01 3.580116018270834699e-01 5.185296474358974450e+01
1.850000000000000000e+02 1.686436543294331702e-04 3.599980650806346438e-01 3.578289307844944589e-01 5.840344551282051810e+01 1.840000000000000000e+02 5.009014423076922640e+01 3.580116018270834699e-01 5.185296474358974450e+01
1.860000000000000000e+02 1.655655607412943040e-04 3.599960367326445199e-01 3.582232418732765322e-01 5.792267628205127750e+01 1.840000000000000000e+02 5.009014423076922640e+01 3.580116018270834699e-01 5.185296474358974450e+01
1.870000000000000000e+02 1.625436486927159631e-04 3.599973233260255201e-01 3.580948332181343452e-01 6.036658653846154010e+01 1.840000000000000000e+02 5.009014423076922640e+01 3.580116018270834699e-01 5.185296474358974450e+01
1.880000000000000000e+02 1.595768927550368665e-04 3.599965107316859259e-01 3.581762260351425420e-01 6.209935897435897800e+01 1.840000000000000000e+02 5.009014423076922640e+01 3.580116018270834699e-01 5.185296474358974450e+01
1.890000000000000000e+02 1.566642862157780912e-04 3.599951871840959550e-01 3.578381240367889404e-01 5.935496794871794890e+01 1.840000000000000000e+02 5.009014423076922640e+01 3.580116018270834699e-01 5.185296474358974450e+01
1.900000000000000000e+02 1.538048407370342242e-04 3.599939806532769238e-01 3.578735089454895268e-01 5.269431089743589069e+01 1.840000000000000000e+02 5.009014423076922640e+01 3.580116018270834699e-01 5.185296474358974450e+01
1.910000000000000000e+02 1.509975860200996522e-04 3.599947925642885127e-01 3.577087918917338238e-01 4.936899038461538680e+01 1.910000000000000000e+02 4.936899038461538680e+01 3.577542484570772063e-01 4.917868589743589780e+01
1.920000000000000000e+02 1.482415694762159860e-04 3.599953783188947209e-01 3.569380151919829269e-01 5.113181089743589069e+01 1.910000000000000000e+02 4.936899038461538680e+01 3.577542484570772063e-01 4.917868589743589780e+01
1.930000000000000000e+02 1.455358559033291359e-04 3.599945933385511609e-01 3.581891927199485903e-01 5.073116987179486870e+01 1.910000000000000000e+02 4.936899038461538680e+01 3.577542484570772063e-01 4.917868589743589780e+01
1.940000000000000000e+02 1.428795271687462360e-04 3.599916832585226545e-01 3.573050869581027023e-01 5.414663461538461320e+01 1.910000000000000000e+02 4.936899038461538680e+01 3.577542484570772063e-01 4.917868589743589780e+01
1.950000000000000000e+02 1.402716818975845939e-04 3.599936413704585836e-01 3.574762000487400893e-01 5.604967948717948190e+01 1.910000000000000000e+02 4.936899038461538680e+01 3.577542484570772063e-01 4.917868589743589780e+01
1.960000000000000000e+02 1.377114351669072527e-04 3.599921212130616222e-01 3.572278336072579608e-01 4.783653846153846700e+01 1.960000000000000000e+02 4.783653846153846700e+01 3.572951035621838578e-01 4.841746794871794890e+01
1.970000000000000000e+02 1.351979182054411375e-04 3.599916388799342948e-01 3.568115754005236617e-01 5.335536858974359120e+01 1.960000000000000000e+02 4.783653846153846700e+01 3.572951035621838578e-01 4.841746794871794890e+01
1.980000000000000000e+02 1.327302780987759257e-04 3.599905669144192744e-01 3.579371242951124299e-01 5.472756410256410931e+01 1.960000000000000000e+02 4.783653846153846700e+01 3.572951035621838578e-01 4.841746794871794890e+01
1.990000000000000000e+02 1.303076774999437581e-04 3.599897118950547426e-01 3.573629107230749113e-01 5.255408653846154010e+01 1.960000000000000000e+02 4.783653846153846700e+01 3.572951035621838578e-01 4.841746794871794890e+01
2.000000000000000000e+02 1.279292943452812906e-04 3.599916103017332114e-01 3.580496127788836969e-01 5.708133012820513130e+01 1.960000000000000000e+02 4.783653846153846700e+01 3.572951035621838578e-01 4.841746794871794890e+01
2.010000000000000000e+02 1.255943215754780286e-04 3.599889086786579595e-01 3.574462284644444598e-01 4.465144230769230660e+01 2.010000000000000000e+02 4.465144230769230660e+01 3.575119269199860672e-01 4.572315705128205110e+01
2.020000000000000000e+02 1.233019668617159922e-04 3.599916445729366421e-01 3.569789219361085286e-01 4.266826923076922640e+01 2.020000000000000000e+02 4.266826923076922640e+01 3.570328603188197003e-01 4.352964743589743080e+01
2.030000000000000000e+02 1.210514523368079470e-04 3.599904408257358912e-01 3.572786947091420306e-01 5.389623397435897800e+01 2.020000000000000000e+02 4.266826923076922640e+01 3.570328603188197003e-01 4.352964743589743080e+01
2.040000000000000000e+02 1.188420143312428828e-04 3.599910188373557918e-01 3.568384570953173629e-01 4.123597756410256920e+01 2.040000000000000000e+02 4.123597756410256920e+01 3.569240016050828079e-01 4.244791666666667140e+01
2.050000000000000000e+02 1.166729031140491989e-04 3.599865866589435637e-01 3.578013579050700055e-01 5.928485576923077360e+01 2.040000000000000000e+02 4.123597756410256920e+01 3.569240016050828079e-01 4.244791666666667140e+01
2.060000000000000000e+02 1.145433826383877353e-04 3.599859667421309584e-01 3.570839365323384418e-01 5.460737179487179560e+01 2.040000000000000000e+02 4.123597756410256920e+01 3.569240016050828079e-01 4.244791666666667140e+01
2.070000000000000000e+02 1.124527302917881428e-04 3.599870488066464480e-01 3.568976353376339672e-01 4.725560897435897800e+01 2.040000000000000000e+02 4.123597756410256920e+01 3.569240016050828079e-01 4.244791666666667140e+01
2.080000000000000000e+02 1.104002366509440939e-04 3.599891949888858189e-01 3.573975031956648230e-01 4.908854166666667140e+01 2.040000000000000000e+02 4.123597756410256920e+01 3.569240016050828079e-01 4.244791666666667140e+01
2.090000000000000000e+02 1.083852052409838490e-04 3.599870164303156650e-01 3.572447345807002184e-01 5.251402243589743080e+01 2.040000000000000000e+02 4.123597756410256920e+01 3.569240016050828079e-01 4.244791666666667140e+01
2.100000000000000000e+02 1.064069522991347284e-04 3.599867041955468472e-01 3.573074654126778826e-01 5.009014423076922640e+01 2.040000000000000000e+02 4.123597756410256920e+01 3.569240016050828079e-01 4.244791666666667140e+01
2.110000000000000000e+02 1.044648065427011103e-04 3.599848096624576610e-01 3.565808737125152339e-01 5.371594551282051810e+01 2.040000000000000000e+02 4.123597756410256920e+01 3.569240016050828079e-01 4.244791666666667140e+01
2.120000000000000000e+02 1.025581089412774160e-04 3.599859776418409263e-01 3.566532455957852621e-01 5.226362179487179560e+01 2.040000000000000000e+02 4.123597756410256920e+01 3.569240016050828079e-01 4.244791666666667140e+01
2.130000000000000000e+02 1.006862124931185646e-04 3.599865111658753780e-01 3.565220557726346273e-01 4.682491987179487580e+01 2.040000000000000000e+02 4.123597756410256920e+01 3.569240016050828079e-01 4.244791666666667140e+01
2.140000000000000000e+02 9.884848200559220443e-05 3.599852154670443727e-01 3.566018228347485053e-01 4.878806089743589780e+01 2.040000000000000000e+02 4.123597756410256920e+01 3.569240016050828079e-01 4.244791666666667140e+01
2.150000000000000000e+02 9.704429387963808742e-05 3.599843272538707506e-01 3.569806688106976766e-01 4.991987179487179560e+01 2.040000000000000000e+02 4.123597756410256920e+01 3.569240016050828079e-01 4.244791666666667140e+01
2.160000000000000000e+02 9.527303589816155322e-05 3.599853431319935404e-01 3.569622972072699074e-01 4.197716346153846700e+01 2.040000000000000000e+02 4.123597756410256920e+01 3.569240016050828079e-01 4.244791666666667140e+01
2.170000000000000000e+02 9.353410701828923906e-05 3.599846884870280816e-01 3.575013153828107137e-01 4.225761217948718240e+01 2.040000000000000000e+02 4.123597756410256920e+01 3.569240016050828079e-01 4.244791666666667140e+01
2.180000000000000000e+02 9.182691716741654296e-05 3.599831104395945780e-01 3.567487135147436872e-01 5.311498397435897800e+01 2.040000000000000000e+02 4.123597756410256920e+01 3.569240016050828079e-01 4.244791666666667140e+01
2.190000000000000000e+02 9.015088704297768150e-05 3.599837997791753286e-01 3.566420330451084975e-01 4.351963141025640880e+01 2.040000000000000000e+02 4.123597756410256920e+01 3.569240016050828079e-01 4.244791666666667140e+01
2.200000000000000000e+02 8.850544791587029497e-05 3.599839696092333452e-01 3.567308034652318938e-01 4.916866987179487580e+01 2.040000000000000000e+02 4.123597756410256920e+01 3.569240016050828079e-01 4.244791666666667140e+01
2.210000000000000000e+02 8.689004143746802990e-05 3.599808263634474703e-01 3.569350563562833090e-01 4.902844551282051100e+01 2.040000000000000000e+02 4.123597756410256920e+01 3.569240016050828079e-01 4.244791666666667140e+01
2.220000000000000000e+02 8.530411945015543688e-05 3.599812699019917517e-01 3.561237534651389702e-01 3.979366987179487580e+01 2.220000000000000000e+02 3.979366987179487580e+01 3.562185871295439621e-01 4.090544871794871540e+01
2.230000000000000000e+02 8.374714380132113457e-05 3.599825161706379784e-01 3.571718954122983236e-01 4.700520833333332860e+01 2.220000000000000000e+02 3.979366987179487580e+01 3.562185871295439621e-01 4.090544871794871540e+01
2.240000000000000000e+02 8.221858616074585464e-05 3.599808785143675527e-01 3.570492791059689530e-01 4.063501602564102200e+01 2.220000000000000000e+02 3.979366987179487580e+01 3.562185871295439621e-01 4.090544871794871540e+01
2.250000000000000000e+02 8.071792784132359518e-05 3.599784663624360226e-01 3.565156184709988851e-01 4.182692307692308020e+01 2.220000000000000000e+02 3.979366987179487580e+01 3.562185871295439621e-01 4.090544871794871540e+01
2.260000000000000000e+02 7.924465962305496413e-05 3.599806034811472988e-01 3.568864369239562739e-01 4.150641025641025550e+01 2.220000000000000000e+02 3.979366987179487580e+01 3.562185871295439621e-01 4.090544871794871540e+01
2.270000000000000000e+02 7.779828158025301366e-05 3.599818776069369508e-01 3.566184987624486102e-01 4.266826923076922640e+01 2.220000000000000000e+02 3.979366987179487580e+01 3.562185871295439621e-01 4.090544871794871540e+01
2.280000000000000000e+02 7.637830291190293741e-05 3.599793402969895806e-01 3.563154351252775798e-01 4.568309294871794890e+01 2.220000000000000000e+02 3.979366987179487580e+01 3.562185871295439621e-01 4.090544871794871540e+01
2.290000000000000000e+02 7.498424177511799158e-05 3.599795242882861679e-01 3.560757060081530812e-01 4.109575320512820440e+01 2.220000000000000000e+02 3.979366987179487580e+01 3.562185871295439621e-01 4.090544871794871540e+01
2.300000000000000000e+02 7.361562512163527506e-05 3.599828661351721082e-01 3.570455969908298832e-01 4.376001602564102200e+01 2.220000000000000000e+02 3.979366987179487580e+01 3.562185871295439621e-01 4.090544871794871540e+01
2.310000000000000000e+02 7.227198853729572170e-05 3.599799418435986609e-01 3.562984772217579477e-01 4.573317307692308020e+01 2.220000000000000000e+02 3.979366987179487580e+01 3.562185871295439621e-01 4.090544871794871540e+01
2.320000000000000000e+02 7.095287608445395935e-05 3.599798954066419920e-01 3.566819395010287774e-01 4.621394230769230660e+01 2.220000000000000000e+02 3.979366987179487580e+01 3.562185871295439621e-01 4.090544871794871540e+01
2.330000000000000000e+02 6.965784014726451650e-05 3.599804102963645724e-01 3.566459757395279984e-01 4.356971153846153300e+01 2.220000000000000000e+02 3.979366987179487580e+01 3.562185871295439621e-01 4.090544871794871540e+01
2.340000000000000000e+02 6.838644127979181999e-05 3.599803456275468827e-01 3.569223689727293869e-01 4.276842948717948900e+01 2.220000000000000000e+02 3.979366987179487580e+01 3.562185871295439621e-01 4.090544871794871540e+01
2.350000000000000000e+02 6.713824805689256540e-05 3.599764004146386864e-01 3.565481637532894599e-01 4.163661858974359120e+01 2.220000000000000000e+02 3.979366987179487580e+01 3.562185871295439621e-01 4.090544871794871540e+01
2.360000000000000000e+02 6.591283692781973308e-05 3.599754312250043609e-01 3.563238439651635892e-01 4.244791666666667140e+01 2.220000000000000000e+02 3.979366987179487580e+01 3.562185871295439621e-01 4.090544871794871540e+01
2.370000000000000000e+02 6.470979207249868818e-05 3.599774586255581332e-01 3.561177353064219342e-01 4.275841346153846700e+01 2.220000000000000000e+02 3.979366987179487580e+01 3.562185871295439621e-01 4.090544871794871540e+01
2.380000000000000000e+02 6.352870526042648071e-05 3.599801129690453072e-01 3.561786772348942143e-01 4.372996794871794890e+01 2.220000000000000000e+02 3.979366987179487580e+01 3.562185871295439621e-01 4.090544871794871540e+01
2.390000000000000000e+02 6.236917571214655950e-05 3.599760959354327827e-01 3.562112653102630366e-01 3.737980769230769340e+01 2.390000000000000000e+02 3.737980769230769340e+01 3.562983389084155572e-01 3.910256410256410220e+01
2.400000000000000000e+02 6.123080996325185911e-05 3.599783440215759689e-01 3.563974190216798177e-01 3.679887820512820440e+01 2.400000000000000000e+02 3.679887820512820440e+01 3.564811413868879675e-01 3.875200320512820440e+01
2.410000000000000000e+02 6.011322173087007957e-05 3.599785883259984387e-01 3.562850241477673041e-01 3.920272435897436480e+01 2.400000000000000000e+02 3.679887820512820440e+01 3.564811413868879675e-01 3.875200320512820440e+01
2.420000000000000000e+02 5.901603178258592731e-05 3.599761796871273067e-01 3.563937751146463162e-01 4.088541666666667140e+01 2.400000000000000000e+02 3.679887820512820440e+01 3.564811413868879675e-01 3.875200320512820440e+01
2.430000000000000000e+02 5.793886780775575667e-05 3.599734471717587203e-01 3.561956855731132632e-01 4.568309294871794890e+01 2.400000000000000000e+02 3.679887820512820440e+01 3.564811413868879675e-01 3.875200320512820440e+01
2.440000000000000000e+02 5.688136429117100654e-05 3.599746771704917525e-01 3.564420510561038258e-01 3.778044871794871540e+01 2.400000000000000000e+02 3.679887820512820440e+01 3.564811413868879675e-01 3.875200320512820440e+01
2.450000000000000000e+02 5.584316238902752510e-05 3.599770675900784145e-01 3.570341005539282575e-01 4.094551282051281760e+01 2.400000000000000000e+02 3.679887820512820440e+01 3.564811413868879675e-01 3.875200320512820440e+01
2.460000000000000000e+02 5.482390980715872895e-05 3.599751361279334150e-01 3.565592960669444200e-01 3.746995192307691980e+01 2.400000000000000000e+02 3.679887820512820440e+01 3.564811413868879675e-01 3.875200320512820440e+01
2.470000000000000000e+02 5.382326068149122759e-05 3.599760060086332758e-01 3.565277377000221626e-01 3.944310897435897800e+01 2.400000000000000000e+02 3.679887820512820440e+01 3.564811413868879675e-01 3.875200320512820440e+01
2.480000000000000000e+02 5.284087546068241164e-05 3.599752981311611921e-01 3.559853197672428471e-01 3.693910256410256920e+01 2.400000000000000000e+02 3.679887820512820440e+01 3.564811413868879675e-01 3.875200320512820440e+01
2.490000000000000000e+02 5.187642079090012628e-05 3.599725762094722059e-01 3.565261421295312649e-01 4.539262820512820440e+01 2.400000000000000000e+02 3.679887820512820440e+01 3.564811413868879675e-01 3.875200320512820440e+01
2.500000000000000000e+02 5.092956940270535143e-05 3.599736246525746530e-01 3.566195097489234800e-01 4.210737179487179560e+01 2.400000000000000000e+02 3.679887820512820440e+01 3.564811413868879675e-01 3.875200320512820440e+01
2.510000000000000000e+02 4.999999999999951451e-05 3.599716866380270330e-01 3.559687240765644911e-01 4.211738782051281760e+01 2.400000000000000000e+02 3.679887820512820440e+01 3.564811413868879675e-01 3.875200320512820440e+01
2.520000000000000000e+02 4.908739715099873945e-05 3.599730717522096057e-01 3.562405732197639341e-01 3.811097756410256920e+01 2.400000000000000000e+02 3.679887820512820440e+01 3.564811413868879675e-01 3.875200320512820440e+01
2.530000000000000000e+02 4.819145118119805407e-05 3.599723500740278359e-01 3.559402483396040817e-01 4.046474358974359120e+01 2.400000000000000000e+02 3.679887820512820440e+01 3.564811413868879675e-01 3.875200320512820440e+01
2.540000000000000000e+02 4.731185806828918728e-05 3.599720163626381475e-01 3.563642081541892881e-01 3.783052884615384670e+01 2.400000000000000000e+02 3.679887820512820440e+01 3.564811413868879675e-01 3.875200320512820440e+01
2.550000000000000000e+02 4.644831933899636072e-05 3.599725569253699464e-01 3.560618062814076556e-01 4.065504807692308020e+01 2.400000000000000000e+02 3.679887820512820440e+01 3.564811413868879675e-01 3.875200320512820440e+01
2.560000000000000000e+02 4.560054196779503462e-05 3.599710046809037056e-01 3.559073545993902687e-01 3.806089743589743080e+01 2.400000000000000000e+02 3.679887820512820440e+01 3.564811413868879675e-01 3.875200320512820440e+01
2.570000000000000000e+02 4.476823827747924538e-05 3.599732729566635370e-01 3.564871736826040749e-01 4.341947115384615330e+01 2.400000000000000000e+02 3.679887820512820440e+01 3.564811413868879675e-01 3.875200320512820440e+01
2.580000000000000000e+02 4.395112584154377576e-05 3.599741060676110438e-01 3.562154739330976594e-01 3.941306089743589780e+01 2.400000000000000000e+02 3.679887820512820440e+01 3.564811413868879675e-01 3.875200320512820440e+01
2.590000000000000000e+02 4.314892738834808243e-05 3.599713903503724000e-01 3.562367375080401910e-01 3.607772435897436480e+01 2.590000000000000000e+02 3.607772435897436480e+01 3.563617574862944504e-01 3.882211538461538680e+01
2.600000000000000000e+02 4.236137070702939415e-05 3.599737037928534833e-01 3.562605533844385164e-01 3.754006410256410220e+01 2.590000000000000000e+02 3.607772435897436480e+01 3.563617574862944504e-01 3.882211538461538680e+01
2.610000000000000000e+02 4.158818855513312507e-05 3.599662035598854004e-01 3.556685657837452275e-01 3.640825320512820440e+01 2.590000000000000000e+02 3.607772435897436480e+01 3.563617574862944504e-01 3.882211538461538680e+01
2.620000000000000000e+02 4.082911856792920217e-05 3.599704292349077961e-01 3.561953038741380584e-01 3.641826923076922640e+01 2.590000000000000000e+02 3.607772435897436480e+01 3.563617574862944504e-01 3.882211538461538680e+01
2.630000000000000000e+02 4.008390316938354245e-05 3.599707896128571671e-01 3.561709687495843157e-01 3.685897435897436480e+01 2.590000000000000000e+02 3.607772435897436480e+01 3.563617574862944504e-01 3.882211538461538680e+01
2.640000000000000000e+02 3.935228948475452562e-05 3.599709224887061021e-01 3.563310354948043823e-01 4.130608974358974450e+01 2.590000000000000000e+02 3.607772435897436480e+01 3.563617574862944504e-01 3.882211538461538680e+01
2.650000000000000000e+02 3.863402925478471439e-05 3.599674038904463469e-01 3.561088897478886239e-01 3.642828525641025550e+01 2.590000000000000000e+02 3.607772435897436480e+01 3.563617574862944504e-01 3.882211538461538680e+01
2.660000000000000000e+02 3.792887875145879289e-05 3.599717948847236948e-01 3.562353994601812346e-01 3.767027243589743080e+01 2.590000000000000000e+02 3.607772435897436480e+01 3.563617574862944504e-01 3.882211538461538680e+01
2.670000000000000000e+02 3.723659869529905963e-05 3.599709307724857088e-01 3.563040613363950837e-01 3.722956730769230660e+01 2.590000000000000000e+02 3.607772435897436480e+01 3.563617574862944504e-01 3.882211538461538680e+01
2.680000000000000000e+02 3.655695417417048230e-05 3.599718100604737403e-01 3.562486110589442867e-01 3.807091346153846700e+01 2.590000000000000000e+02 3.607772435897436480e+01 3.563617574862944504e-01 3.882211538461538680e+01
2.690000000000000000e+02 3.588971456356770099e-05 3.599701797363543121e-01 3.560360960471324332e-01 3.452524038461538680e+01 2.690000000000000000e+02 3.452524038461538680e+01 3.561681337081469279e-01 3.691907051282051100e+01
2.700000000000000000e+02 3.523465344835696305e-05 3.599684390862089578e-01 3.557332964279713017e-01 3.624799679487179560e+01 2.690000000000000000e+02 3.452524038461538680e+01 3.561681337081469279e-01 3.691907051282051100e+01
2.710000000000000000e+02 3.459154854594644681e-05 3.599720594248769778e-01 3.557924188864536874e-01 3.725961538461538680e+01 2.690000000000000000e+02 3.452524038461538680e+01 3.561681337081469279e-01 3.691907051282051100e+01
2.720000000000000000e+02 3.396018163085885179e-05 3.599673568875431662e-01 3.554766350067578573e-01 3.787059294871794890e+01 2.690000000000000000e+02 3.452524038461538680e+01 3.561681337081469279e-01 3.691907051282051100e+01
2.730000000000000000e+02 3.334033846068073592e-05 3.599659361145401970e-01 3.557295130613522538e-01 3.661858974358974450e+01 2.690000000000000000e+02 3.452524038461538680e+01 3.561681337081469279e-01 3.691907051282051100e+01
2.740000000000000000e+02 3.273180870336338526e-05 3.599676934957403707e-01 3.558233200739591706e-01 3.916266025641025550e+01 2.690000000000000000e+02 3.452524038461538680e+01 3.561681337081469279e-01 3.691907051282051100e+01
2.750000000000000000e+02 3.213438586585062526e-05 3.599669119026912556e-01 3.557351071100968709e-01 4.022435897435897800e+01 2.690000000000000000e+02 3.452524038461538680e+01 3.561681337081469279e-01 3.691907051282051100e+01
2.760000000000000000e+02 3.154786722400930768e-05 3.599664145111953761e-01 3.557704492257191542e-01 3.654847756410256920e+01 2.690000000000000000e+02 3.452524038461538680e+01 3.561681337081469279e-01 3.691907051282051100e+01
2.770000000000000000e+02 3.097205375383872244e-05 3.599683375679871289e-01 3.558082465942089545e-01 3.780048076923077360e+01 2.690000000000000000e+02 3.452524038461538680e+01 3.561681337081469279e-01 3.691907051282051100e+01
2.780000000000000000e+02 3.040675006393554937e-05 3.599717345674055546e-01 3.560801133131369367e-01 3.597756410256410220e+01 2.690000000000000000e+02 3.452524038461538680e+01 3.561681337081469279e-01 3.691907051282051100e+01
2.790000000000000000e+02 2.985176432919150387e-05 3.599676916930960036e-01 3.557521674113395815e-01 3.447516025641025550e+01 2.790000000000000000e+02 3.447516025641025550e+01 3.558789063722659352e-01 3.729967948717948900e+01
2.800000000000000000e+02 2.930690822570110126e-05 3.599652583873427791e-01 3.555216559996971504e-01 3.732972756410256920e+01 2.790000000000000000e+02 3.447516025641025550e+01 3.558789063722659352e-01 3.729967948717948900e+01
2.810000000000000000e+02 2.877199686685751693e-05 3.599659358630084571e-01 3.557297316117164487e-01 3.512620192307691980e+01 2.790000000000000000e+02 3.447516025641025550e+01 3.558789063722659352e-01 3.729967948717948900e+01
2.820000000000000000e+02 2.824684874061480076e-05 3.599665102274177686e-01 3.557355957917677780e-01 3.599759615384615330e+01 2.790000000000000000e+02 3.447516025641025550e+01 3.558789063722659352e-01 3.729967948717948900e+01
2.830000000000000000e+02 2.773128564789521564e-05 3.599624973734247835e-01 3.556933013292459256e-01 3.852163461538461320e+01 2.790000000000000000e+02 3.447516025641025550e+01 3.558789063722659352e-01 3.729967948717948900e+01
2.840000000000000000e+02 2.722513264212074121e-05 3.599673568456212003e-01 3.557249082204623214e-01 3.314302884615384670e+01 2.840000000000000000e+02 3.314302884615384670e+01 3.558393017603800890e-01 3.537660256410256920e+01
2.850000000000000000e+02 2.672821796984826837e-05 3.599641610338879527e-01 3.558776669013194449e-01 3.672876602564102200e+01 2.840000000000000000e+02 3.314302884615384670e+01 3.558393017603800890e-01 3.537660256410256920e+01
2.860000000000000000e+02 2.624037301248831818e-05 3.599618808690598359e-01 3.554105368944314725e-01 3.569711538461538680e+01 2.840000000000000000e+02 3.314302884615384670e+01 3.558393017603800890e-01 3.537660256410256920e+01
2.870000000000000000e+02 2.576143222908751574e-05 3.599656667533613907e-01 3.556180493189738390e-01 3.812099358974359120e+01 2.840000000000000000e+02 3.314302884615384670e+01 3.558393017603800890e-01 3.537660256410256920e+01
2.880000000000000000e+02 2.529123310015539793e-05 3.599634023134610228e-01 3.557411080751663457e-01 3.770032051282051100e+01 2.840000000000000000e+02 3.314302884615384670e+01 3.558393017603800890e-01 3.537660256410256920e+01
