# Train Loss, Validation Loss, Validation Error, Test Error
6.900624035880332796e-01 3.269892151539142144e-01 2.727363782051281760e+01 1.265024038461538503e+01
3.602607101383732413e-01 3.487043174413534397e-01 2.831530448717948900e+01 0.000000000000000000e+00
3.596950702550934520e-01 3.455795179574917553e-01 2.197516025641025550e+01 0.000000000000000000e+00
3.596410017188002572e-01 3.418977145965282904e-01 2.234575320512820440e+01 0.000000000000000000e+00
3.596582071991955565e-01 3.441097495647577054e-01 2.754407051282051100e+01 0.000000000000000000e+00
3.597024615944885428e-01 3.451793484198741324e-01 2.627203525641025905e+01 0.000000000000000000e+00
3.597337865611401897e-01 3.467529989205874186e-01 3.607772435897436480e+01 0.000000000000000000e+00
3.597483508834024568e-01 3.482690201355860826e-01 3.622796474358974450e+01 0.000000000000000000e+00
3.597417092723090293e-01 3.462987519227541666e-01 3.203125000000000000e+01 0.000000000000000000e+00
3.597465025760778756e-01 3.481438924104739430e-01 2.915665064102563875e+01 0.000000000000000000e+00
3.597543603399904755e-01 3.459910012972660653e-01 2.603165064102563875e+01 0.000000000000000000e+00
3.597385768301603060e-01 3.470338430160131438e-01 3.024839743589743435e+01 0.000000000000000000e+00
3.597234409756776552e-01 3.469764204361500126e-01 2.800480769230769340e+01 0.000000000000000000e+00
3.597416528296180083e-01 3.484927648917222620e-01 3.424479166666667140e+01 0.000000000000000000e+00
3.597353915434058358e-01 3.459625511597364533e-01 3.184094551282051100e+01 0.000000000000000000e+00
3.597265878465117361e-01 3.465223747950333943e-01 2.436899038461538680e+01 0.000000000000000000e+00
3.597197160124778748e-01 3.475050528844197406e-01 2.880608974358974095e+01 0.000000000000000000e+00
3.597262683256370330e-01 3.449325882471524496e-01 2.637219551282051100e+01 0.000000000000000000e+00
3.597186316077302104e-01 3.470177864417051672e-01 2.835536858974359120e+01 0.000000000000000000e+00
3.597115279152626188e-01 3.443214301115427034e-01 1.970152243589743790e+01 0.000000000000000000e+00
3.597146497630491213e-01 3.456786656991029383e-01 2.654246794871794535e+01 0.000000000000000000e+00
3.597075720749250416e-01 3.460474423108956810e-01 2.428886217948718240e+01 0.000000000000000000e+00
3.597065098765419577e-01 3.454055025791510358e-01 2.448918269230769340e+01 0.000000000000000000e+00
3.597159741310084757e-01 3.468968673394276503e-01 3.109975961538461320e+01 0.000000000000000000e+00
3.597056963821737008e-01 3.457593463170222647e-01 2.055288461538461320e+01 0.000000000000000000e+00
3.597064250489560577e-01 3.466415183666424760e-01 3.071915064102563875e+01 0.000000000000000000e+00
3.597023624835944955e-01 3.457476435563502926e-01 2.426883012820512775e+01 0.000000000000000000e+00
3.596906286187288027e-01 3.439515706820365781e-01 2.981770833333333215e+01 0.000000000000000000e+00
3.596850524224886048e-01 3.459551449005420221e-01 2.401842948717948900e+01 0.000000000000000000e+00
3.597014409194632112e-01 3.451937276583451619e-01 2.589142628205128460e+01 0.000000000000000000e+00
3.596963174641132355e-01 3.462629990699963578e-01 2.608173076923077005e+01 0.000000000000000000e+00
3.596751512005561535e-01 3.461802326715909262e-01 2.706330128205128460e+01 0.000000000000000000e+00
3.596893061406728487e-01 3.476407214617117658e-01 2.526041666666666785e+01 0.000000000000000000e+00
3.596665950628315511e-01 3.457563133575977665e-01 2.323717948717948900e+01 0.000000000000000000e+00
3.596818220324632387e-01 3.449720533994528049e-01 2.174479166666666430e+01 0.000000000000000000e+00
3.596690214080054404e-01 3.442181704136041409e-01 2.322716346153845990e+01 0.000000000000000000e+00
3.596713576556705982e-01 3.452013570528764119e-01 2.260616987179487225e+01 0.000000000000000000e+00
3.596792785314524843e-01 3.432637907755680673e-01 2.064302884615384670e+01 0.000000000000000000e+00
3.596644690850885895e-01 3.448847066133450268e-01 2.315705128205128460e+01 0.000000000000000000e+00
3.596470229872842927e-01 3.444880300607436885e-01 2.339743589743589780e+01 0.000000000000000000e+00
3.596605377771505685e-01 3.439314330999667657e-01 2.291666666666666430e+01 0.000000000000000000e+00
3.596594872089420858e-01 3.429899326501748558e-01 2.133413461538461320e+01 0.000000000000000000e+00
3.596594569704881783e-01 3.439197524999960676e-01 2.032251602564102555e+01 0.000000000000000000e+00
3.596525642748286122e-01 3.432139796324265579e-01 1.975160256410256210e+01 0.000000000000000000e+00
3.596565147725547251e-01 3.443141656044201859e-01 2.100360576923076650e+01 0.000000000000000000e+00
3.596336158673937855e-01 3.431669202370521421e-01 2.526041666666666785e+01 0.000000000000000000e+00
3.596400823353267384e-01 3.448532857956030373e-01 2.066306089743589780e+01 0.000000000000000000e+00
3.596318133175372966e-01 3.455084378902728570e-01 2.166466346153845990e+01 0.000000000000000000e+00
3.596371401919097321e-01 3.451830068459877388e-01 2.113381410256410220e+01 0.000000000000000000e+00
3.596297646441110607e-01 3.447678593488839871e-01 2.294671474358974450e+01 0.000000000000000000e+00
3.596335094694684265e-01 3.445499818294476269e-01 1.940104166666666430e+01 0.000000000000000000e+00
3.596258133104661692e-01 3.455733060836791992e-01 1.938100961538461320e+01 0.000000000000000000e+00
3.596226490488866334e-01 3.444419854726546992e-01 1.993189102564102555e+01 0.000000000000000000e+00
3.596138877476133811e-01 3.429996562309754471e-01 1.852964743589743790e+01 0.000000000000000000e+00
3.596183924595030557e-01 3.431252321371665581e-01 2.267628205128205110e+01 0.000000000000000000e+00
3.596126590196679351e-01 3.431041519611309765e-01 2.144431089743589780e+01 0.000000000000000000e+00
3.596148334625290932e-01 3.442439375779567379e-01 2.379807692307692335e+01 0.000000000000000000e+00
3.596070989602949686e-01 3.422695020070442573e-01 2.069310897435897445e+01 0.000000000000000000e+00
3.596026914693960519e-01 3.422487431611770381e-01 2.177483974358974450e+01 0.000000000000000000e+00
3.596114481367715943e-01 3.422204011525863399e-01 2.005208333333333570e+01 0.000000000000000000e+00
3.596042493131102469e-01 3.421815171455725446e-01 1.803886217948718240e+01 0.000000000000000000e+00
3.596044151703032266e-01 3.450439885640755877e-01 1.701722756410256210e+01 0.000000000000000000e+00
3.595742282889238250e-01 3.428911001254350555e-01 1.947115384615384670e+01 0.000000000000000000e+00
3.595987668488083711e-01 3.422364970812430962e-01 1.946113782051281760e+01 0.000000000000000000e+00
3.595849688823630208e-01 3.440294017394383563e-01 1.873998397435897445e+01 0.000000000000000000e+00
3.595701353579032755e-01 3.411435706493182174e-01 1.726762820512820440e+01 0.000000000000000000e+00
3.595796486226524036e-01 3.429679297483884115e-01 1.665665064102564230e+01 0.000000000000000000e+00
3.595613750015816956e-01 3.419629801542330982e-01 1.854967948717948900e+01 0.000000000000000000e+00
3.595759974747169130e-01 3.423801610867182599e-01 1.614583333333333570e+01 0.000000000000000000e+00
3.595706204270444073e-01 3.405327070982028248e-01 1.646634615384615330e+01 0.000000000000000000e+00
3.595554534255004375e-01 3.422411515926703229e-01 1.757812500000000000e+01 0.000000000000000000e+00
3.595534240872394482e-01 3.411617588538389811e-01 1.614583333333333570e+01 0.000000000000000000e+00
3.595477545225038707e-01 3.432505134588632600e-01 2.063301282051281760e+01 0.000000000000000000e+00
3.595291486782271617e-01 3.402215116299115438e-01 1.541466346153846168e+01 0.000000000000000000e+00
3.595324487766114463e-01 3.396017398589696867e-01 1.763822115384615330e+01 0.000000000000000000e+00
3.595466836196620219e-01 3.408922484287849053e-01 1.613581730769230660e+01 0.000000000000000000e+00
3.595227917701732667e-01 3.422586531975330693e-01 1.781850961538461320e+01 0.000000000000000000e+00
3.595203961359291767e-01 3.413422356049219952e-01 1.613581730769230660e+01 0.000000000000000000e+00
3.595313053668999226e-01 3.414239787902587642e-01 1.514423076923076827e+01 0.000000000000000000e+00
3.595328914501317863e-01 3.421469426307922612e-01 1.762820512820512775e+01 0.000000000000000000e+00
3.595256710197867189e-01 3.405884118416370732e-01 1.541466346153846168e+01 0.000000000000000000e+00
3.595223999786667513e-01 3.405984647763081186e-01 1.463341346153846168e+01 0.000000000000000000e+00
3.595100842052843526e-01 3.411855617394813911e-01 1.507411858974359120e+01 0.000000000000000000e+00
3.595094290448397900e-01 3.394908966162266117e-01 1.619591346153845990e+01 0.000000000000000000e+00
3.595104460127470092e-01 3.408906119756209274e-01 1.655649038461538680e+01 0.000000000000000000e+00
3.595183641808789021e-01 3.405280048266435267e-01 1.693709935897435770e+01 0.000000000000000000e+00
3.594744572188796061e-01 3.421297665589895232e-01 1.755809294871794890e+01 0.000000000000000000e+00
3.594809316280411782e-01 3.398106346527735577e-01 1.435296474358974450e+01 0.000000000000000000e+00
3.594787597292807280e-01 3.422767286881422399e-01 1.639623397435897445e+01 0.000000000000000000e+00
3.594819690759589181e-01 3.405918001364439118e-01 1.459334935897435770e+01 0.000000000000000000e+00
3.594770134040495280e-01 3.397995252639819386e-01 1.668669871794871540e+01 0.000000000000000000e+00
3.594964294353636403e-01 3.393833625775117269e-01 1.425280448717948723e+01 0.000000000000000000e+00
3.594724557385212127e-01 3.391037189807647456e-01 1.594551282051281937e+01 0.000000000000000000e+00
3.594567619991011487e-01 3.404222936966480595e-01 1.683693910256410220e+01 0.000000000000000000e+00
3.594635476062937318e-01 3.391181047146136773e-01 1.413261217948718063e+01 0.000000000000000000e+00
3.594534068572812213e-01 3.392890065144270051e-01 1.330128205128205110e+01 0.000000000000000000e+00
3.594540299438848674e-01 3.392524386827762140e-01 1.524439102564102733e+01 0.000000000000000000e+00
3.594376481524327871e-01 3.399950968913542648e-01 1.502403846153846168e+01 0.000000000000000000e+00
3.594271614057261699e-01 3.397363783457340580e-01 1.539463141025640880e+01 0.000000000000000000e+00
3.594407520643094767e-01 3.391116295869534003e-01 1.442307692307692157e+01 0.000000000000000000e+00
3.594252190575367156e-01 3.390083767664738290e-01 1.422275641025640880e+01 0.000000000000000000e+00
3.594271348925625609e-01 3.413585172249720689e-01 1.421274038461538503e+01 0.000000000000000000e+00
3.594245412909403137e-01 3.380886327761870036e-01 1.393229166666666607e+01 0.000000000000000000e+00
3.594276443305539082e-01 3.389977365732192993e-01 1.377203525641025550e+01 0.000000000000000000e+00
3.594226503517569671e-01 3.390432645877202167e-01 1.412259615384615330e+01 0.000000000000000000e+00
3.594062097370624431e-01 3.380104349209712145e-01 1.297075320512820440e+01 0.000000000000000000e+00
3.594003366806158284e-01 3.382539688012538570e-01 1.543469551282051277e+01 0.000000000000000000e+00
3.594228006717635204e-01 3.398343206216127288e-01 1.407251602564102733e+01 0.000000000000000000e+00
3.594014435461381773e-01 3.391211311786602733e-01 1.478365384615384670e+01 0.000000000000000000e+00
3.594012766349606314e-01 3.378092050552368164e-01 1.398237179487179560e+01 0.000000000000000000e+00
3.593905787642409089e-01 3.388159989546506989e-01 1.474358974358974450e+01 0.000000000000000000e+00
3.593660101294517406e-01 3.386414051055908203e-01 1.355168269230769340e+01 0.000000000000000000e+00
3.593791908425528758e-01 3.382074573101141457e-01 1.481370192307692157e+01 0.000000000000000000e+00
3.593729116567751514e-01 3.370806437272291789e-01 1.411258012820512953e+01 0.000000000000000000e+00
3.593662490023345479e-01 3.386189417961316117e-01 1.426282051282051277e+01 0.000000000000000000e+00
3.593504749420212696e-01 3.383885793961011190e-01 1.464342948717948723e+01 0.000000000000000000e+00
3.593301075805978018e-01 3.374352279381874209e-01 1.368189102564102733e+01 0.000000000000000000e+00
3.593348581071307279e-01 3.375805295430697184e-01 1.380208333333333393e+01 0.000000000000000000e+00
3.593388745515811999e-01 3.365392742248681790e-01 1.343149038461538503e+01 0.000000000000000000e+00
3.593613621301767203e-01 3.364147115976382496e-01 1.366185897435897267e+01 0.000000000000000000e+00
3.593494772729350362e-01 3.376451000953332171e-01 1.376201923076923173e+01 0.000000000000000000e+00
3.593340608768346711e-01 3.371121581548299773e-01 1.319110576923076827e+01 0.000000000000000000e+00
3.593301070354333882e-01 3.366643121609321221e-01 1.240985576923077005e+01 0.000000000000000000e+00
3.593163834475889273e-01 3.376520096491544831e-01 1.426282051282051277e+01 0.000000000000000000e+00
3.593024304727228668e-01 3.367974471587401042e-01 1.400240384615384670e+01 0.000000000000000000e+00
3.593303862323121156e-01 3.368384853387490496e-01 1.325120192307692157e+01 0.000000000000000000e+00
3.593106592392049103e-01 3.363974285431397537e-01 1.282051282051281937e+01 0.000000000000000000e+00
3.592989028590481415e-01 3.374158762968503256e-01 1.478365384615384670e+01 0.000000000000000000e+00
3.592941678333573252e-01 3.367016968818811185e-01 1.285056089743589780e+01 0.000000000000000000e+00
3.592871196931455291e-01 3.366739490093328957e-01 1.342147435897435770e+01 0.000000000000000000e+00
3.592948172514031646e-01 3.373537162939707623e-01 1.428285256410256387e+01 0.000000000000000000e+00
3.592791118636363690e-01 3.361423787398216123e-01 1.318108974358974450e+01 0.000000000000000000e+00
3.592911397720255362e-01 3.352430565999104384e-01 1.372195512820512953e+01 0.000000000000000000e+00
3.592635315365907411e-01 3.354774472805169827e-01 1.388221153846153832e+01 0.000000000000000000e+00
3.592809195925549814e-01 3.369315155805685524e-01 1.252003205128205110e+01 0.000000000000000000e+00
3.592465302202759725e-01 3.356303389255816949e-01 1.221955128205128105e+01 0.000000000000000000e+00
3.592426944251467802e-01 3.366054575412701366e-01 1.290064102564102733e+01 0.000000000000000000e+00
3.592416603935927877e-01 3.358347396820019481e-01 1.295072115384615330e+01 0.000000000000000000e+00
3.592425494659237661e-01 3.363287494732783434e-01 1.439302884615384670e+01 0.000000000000000000e+00
3.592327108288683735e-01 3.357634808008487237e-01 1.342147435897435770e+01 0.000000000000000000e+00
3.592071635148874065e-01 3.339457580676445381e-01 1.313100961538461497e+01 0.000000000000000000e+00
3.592180365469397341e-01 3.356865017842023957e-01 1.282051282051281937e+01 0.000000000000000000e+00
3.591862650361002940e-01 3.344906671689106825e-01 1.290064102564102733e+01 0.000000000000000000e+00
3.591934981687766593e-01 3.341749257002121221e-01 1.347155448717948723e+01 0.000000000000000000e+00
3.592281021904654703e-01 3.354767606808589098e-01 1.292067307692307843e+01 0.000000000000000000e+00
3.592074575584109364e-01 3.353451696725991971e-01 1.294070512820512953e+01 0.000000000000000000e+00
3.591805971068580128e-01 3.353812633416591305e-01 1.270032051282051277e+01 0.000000000000000000e+00
3.591956664876240213e-01 3.347602081604493240e-01 1.282051282051281937e+01 0.000000000000000000e+00
3.591638227061527688e-01 3.356901246767777791e-01 1.370192307692307843e+01 0.000000000000000000e+00
3.591642034489934132e-01 3.347104027485235944e-01 1.402243589743589780e+01 0.000000000000000000e+00
3.591539604634773619e-01 3.343191116284101594e-01 1.304086538461538503e+01 0.000000000000000000e+00
3.591392226335479165e-01 3.351842401883540767e-01 1.272035256410256387e+01 0.000000000000000000e+00
3.591339104240987568e-01 3.343815650695409758e-01 1.252003205128205110e+01 0.000000000000000000e+00
3.591364675723924815e-01 3.341214954853057861e-01 1.354166666666666607e+01 0.000000000000000000e+00
3.591265287704584197e-01 3.339031281379553073e-01 1.323116987179487047e+01 0.000000000000000000e+00
3.591215130577726788e-01 3.342108455223914976e-01 1.242988782051282115e+01 0.000000000000000000e+00
3.591270072431099192e-01 3.341218431790669574e-01 1.274038461538461497e+01 0.000000000000000000e+00
3.591323032975196616e-01 3.330918283034593474e-01 1.200921474358974450e+01 0.000000000000000000e+00
3.591119927240580822e-01 3.335217130489838699e-01 1.305088141025640880e+01 0.000000000000000000e+00
3.591038620326577058e-01 3.332978536685307636e-01 1.223958333333333215e+01 0.000000000000000000e+00
3.591041477896818046e-01 3.334603359301884784e-01 1.221955128205128105e+01 0.000000000000000000e+00
3.590837510620675244e-01 3.345860880918992142e-01 1.275040064102564230e+01 0.000000000000000000e+00
3.590742491185665020e-01 3.329535153431770200e-01 1.248998397435897445e+01 0.000000000000000000e+00
3.590697262527012268e-01 3.332301913163600582e-01 1.181891025641025550e+01 0.000000000000000000e+00
3.590686243481752138e-01 3.330727387697268727e-01 1.269030448717948723e+01 0.000000000000000000e+00
3.590678921923404765e-01 3.335214582009193296e-01 1.221955128205128105e+01 0.000000000000000000e+00
3.590719326603703521e-01 3.341505091923933635e-01 1.314102564102564230e+01 0.000000000000000000e+00
3.590434272841709351e-01 3.335498877060719125e-01 1.265024038461538503e+01 0.000000000000000000e+00
3.590575757368308918e-01 3.340020642066613421e-01 1.266025641025640880e+01 0.000000000000000000e+00
3.590579287308018341e-01 3.328699618577957153e-01 1.310096153846153832e+01 0.000000000000000000e+00
3.590615648867153675e-01 3.334539005389580146e-01 1.252003205128205110e+01 0.000000000000000000e+00
3.590507047387158091e-01 3.329470833906760796e-01 1.267027243589743613e+01 0.000000000000000000e+00
3.590256956292361967e-01 3.333525019578444382e-01 1.356169871794871717e+01 0.000000000000000000e+00
3.590370072642477539e-01 3.329071039572740198e-01 1.339142628205128283e+01 0.000000000000000000e+00
3.590151853859424591e-01 3.333215312315867540e-01 1.370192307692307843e+01 0.000000000000000000e+00
3.590160202144122570e-01 3.330957828423915523e-01 1.253004807692307843e+01 0.000000000000000000e+00
3.590286882367075827e-01 3.331895061792471413e-01 1.351161858974359120e+01 0.000000000000000000e+00
3.590036079105807243e-01 3.330018027470662001e-01 1.323116987179487047e+01 0.000000000000000000e+00
3.590288357763755656e-01 3.334929362321511492e-01 1.262019230769230660e+01 0.000000000000000000e+00
3.590079801475129506e-01 3.324448596208523510e-01 1.312099358974359120e+01 0.000000000000000000e+00
3.589793023539752381e-01 3.324184379516503807e-01 1.264022435897435770e+01 0.000000000000000000e+00
3.589779800031243084e-01 3.316833411271755683e-01 1.323116987179487047e+01 0.000000000000000000e+00
3.589414518417381461e-01 3.328938629382696135e-01 1.275040064102564230e+01 0.000000000000000000e+00
3.589699159489899150e-01 3.321701655021080390e-01 1.279046474358974450e+01 0.000000000000000000e+00
3.589419321134322827e-01 3.331476247463470708e-01 1.284054487179487047e+01 0.000000000000000000e+00
3.589436657181599988e-01 3.321146529454451213e-01 1.292067307692307843e+01 0.000000000000000000e+00
3.589822081349244853e-01 3.331543226272631886e-01 1.276041666666666607e+01 0.000000000000000000e+00
3.589677238246289925e-01 3.321457512867756479e-01 1.255008012820512953e+01 0.000000000000000000e+00
3.589289375739853627e-01 3.324762242726790329e-01 1.270032051282051277e+01 0.000000000000000000e+00
3.589369139475066528e-01 3.317190897770417313e-01 1.229967948717948723e+01 0.000000000000000000e+00
3.589418032547322945e-01 3.319728160515809656e-01 1.246995192307692335e+01 0.000000000000000000e+00
3.589360448100217815e-01 3.321945682550088152e-01 1.317107371794871717e+01 0.000000000000000000e+00
3.589516555572428436e-01 3.326661602044717059e-01 1.311097756410256387e+01 0.000000000000000000e+00
3.588996182672861135e-01 3.316298432839222543e-01 1.284054487179487047e+01 0.000000000000000000e+00
3.589352052022771189e-01 3.324419546585816732e-01 1.364182692307692157e+01 0.000000000000000000e+00
3.588752754577776427e-01 3.312671069915478217e-01 1.244991987179487225e+01 0.000000000000000000e+00
3.588833246652672893e-01 3.309976985821357354e-01 1.288060897435897267e+01 0.000000000000000000e+00
3.589015847117435487e-01 3.315350401860017171e-01 1.316105769230769340e+01 0.000000000000000000e+00
3.589094461282578696e-01 3.310510241068326254e-01 1.239983974358974450e+01 0.000000000000000000e+00
3.588717289632413210e-01 3.307072589030632392e-01 1.233974358974359120e+01 0.000000000000000000e+00
