# Epoch, LR, Training Loss, Validation Loss, Validation Error, Best Epoch, Best Validation Error, Test Loss, Test Error
1.000000000000000000e+00 5.000000000000000104e-03 1.169108104927853553e+00 1.132134709602747202e+00 1.776842948717948900e+01 1.000000000000000000e+00 1.776842948717948900e+01 1.133411994347205631e+00 1.910056089743589780e+01
2.000000000000000000e+00 4.560054196779549270e-03 1.168354031648291658e+00 1.123619351631555796e+00 1.369190705128205110e+01 2.000000000000000000e+00 1.369190705128205110e+01 1.125272977046477552e+00 1.436298076923076827e+01
3.000000000000000000e+00 4.158818855513355360e-03 1.168167791627477525e+00 1.122185233311775443e+00 1.222956730769230660e+01 3.000000000000000000e+00 1.222956730769230660e+01 1.123282718352782483e+00 1.280048076923076827e+01
4.000000000000000000e+00 3.792887875145919269e-03 1.167979125232718740e+00 1.119190587447239871e+00 1.033653846153846168e+01 4.000000000000000000e+00 1.033653846153846168e+01 1.120866320072076316e+00 1.105769230769230660e+01
5.000000000000000000e+00 3.459154854594683089e-03 1.167804462113119612e+00 1.119745042079534292e+00 8.834134615384616751e+00 5.000000000000000000e+00 8.834134615384616751e+00 1.120992018626286502e+00 9.264823717948718951e+00
6.000000000000000000e+00 3.154786722400966872e-03 1.167741312275665688e+00 1.119343199791052346e+00 8.423477564102563875e+00 6.000000000000000000e+00 8.423477564102563875e+00 1.120758840670952328e+00 8.754006410256408799e+00
7.000000000000000000e+00 2.877199686685785480e-03 1.167587402952147579e+00 1.116574570154532431e+00 8.383413461538461675e+00 7.000000000000000000e+00 8.383413461538461675e+00 1.117990778042719846e+00 8.443509615384616751e+00
8.000000000000000000e+00 2.624037301248863599e-03 1.167473117741772315e+00 1.113538346229455467e+00 7.892628205128204399e+00 8.000000000000000000e+00 7.892628205128204399e+00 1.115081629691979881e+00 8.523637820512821150e+00
9.000000000000000000e+00 2.393150461613192254e-03 1.167380185704569806e+00 1.115982459141657834e+00 7.051282051282051100e+00 9.000000000000000000e+00 7.051282051282051100e+00 1.117571680973737713e+00 7.632211538461539213e+00
1.000000000000000000e+01 2.182579161200830491e-03 1.167200744221457587e+00 1.112064847579369076e+00 6.460336538461539213e+00 1.000000000000000000e+01 6.460336538461539213e+00 1.113825767468183514e+00 7.401842948717948900e+00
1.100000000000000000e+01 1.990535852767486708e-03 1.167109489996025262e+00 1.112780373830061675e+00 7.391826923076923350e+00 1.000000000000000000e+01 6.460336538461539213e+00 1.113825767468183514e+00 7.401842948717948900e+00
1.200000000000000000e+01 1.815390273850507217e-03 1.166986053564495807e+00 1.112207221679198499e+00 7.101362179487178850e+00 1.000000000000000000e+01 6.460336538461539213e+00 1.113825767468183514e+00 7.401842948717948900e+00
1.300000000000000000e+01 1.655655607412955888e-03 1.166897785122375186e+00 1.108432751435499908e+00 6.710737179487178850e+00 1.000000000000000000e+01 6.460336538461539213e+00 1.113825767468183514e+00 7.401842948717948900e+00
1.400000000000000000e+01 1.509975860201008503e-03 1.166789721832008908e+00 1.110392929651798255e+00 6.860977564102564763e+00 1.000000000000000000e+01 6.460336538461539213e+00 1.113825767468183514e+00 7.401842948717948900e+00
1.500000000000000000e+01 1.377114351669083640e-03 1.166712060935006123e+00 1.107596353078499796e+00 7.201522435897435237e+00 1.000000000000000000e+01 6.460336538461539213e+00 1.113825767468183514e+00 7.401842948717948900e+00
1.600000000000000000e+01 1.255943215754790369e-03 1.166597019113400746e+00 1.108306033489031561e+00 6.931089743589743613e+00 1.000000000000000000e+01 6.460336538461539213e+00 1.113825767468183514e+00 7.401842948717948900e+00
1.700000000000000000e+01 1.145433826383886839e-03 1.166512343880738767e+00 1.106390198071797615e+00 7.031250000000000000e+00 1.000000000000000000e+01 6.460336538461539213e+00 1.113825767468183514e+00 7.401842948717948900e+00
1.800000000000000000e+01 1.044648065427020156e-03 1.166420949768270710e+00 1.105586982690371034e+00 7.151442307692307487e+00 1.000000000000000000e+01 6.460336538461539213e+00 1.113825767468183514e+00 7.401842948717948900e+00
1.900000000000000000e+01 9.527303589816239890e-04 1.166296963780528495e+00 1.106418999341818088e+00 7.622195512820513663e+00 1.000000000000000000e+01 6.460336538461539213e+00 1.113825767468183514e+00 7.401842948717948900e+00
2.000000000000000000e+01 8.689004143746881324e-04 1.166175185732014397e+00 1.104388724534939525e+00 7.742387820512821150e+00 1.000000000000000000e+01 6.460336538461539213e+00 1.113825767468183514e+00 7.401842948717948900e+00
2.100000000000000000e+01 7.924465962305571494e-04 1.166111099567346709e+00 1.105849865155342338e+00 7.682291666666666963e+00 1.000000000000000000e+01 6.460336538461539213e+00 1.113825767468183514e+00 7.401842948717948900e+00
2.200000000000000000e+01 7.227198853729641017e-04 1.166050820328442761e+00 1.105222555307241672e+00 7.932692307692307487e+00 1.000000000000000000e+01 6.460336538461539213e+00 1.113825767468183514e+00 7.401842948717948900e+00
2.300000000000000000e+01 6.591283692782038631e-04 1.165962602123531422e+00 1.104864510206075900e+00 8.253205128205127750e+00 1.000000000000000000e+01 6.460336538461539213e+00 1.113825767468183514e+00 7.401842948717948900e+00
2.400000000000000000e+01 6.011322173087067181e-04 1.165959140058168808e+00 1.106079628834357731e+00 8.112980769230770051e+00 1.000000000000000000e+01 6.460336538461539213e+00 1.113825767468183514e+00 7.401842948717948900e+00
2.500000000000000000e+01 5.482390980715927918e-04 1.165815576130353026e+00 1.105054766703874591e+00 8.413461538461538325e+00 1.000000000000000000e+01 6.460336538461539213e+00 1.113825767468183514e+00 7.401842948717948900e+00
2.600000000000000000e+01 5.000000000000002272e-04 1.165712164083931635e+00 1.104635790372506143e+00 8.413461538461538325e+00 1.000000000000000000e+01 6.460336538461539213e+00 1.113825767468183514e+00 7.401842948717948900e+00
2.700000000000000000e+01 4.560054196779550896e-04 1.165750769436428858e+00 1.103361951999175306e+00 8.213141025641025550e+00 1.000000000000000000e+01 6.460336538461539213e+00 1.113825767468183514e+00 7.401842948717948900e+00
2.800000000000000000e+01 4.158818855513357095e-04 1.165656493623264955e+00 1.102864956244444139e+00 8.453525641025642301e+00 1.000000000000000000e+01 6.460336538461539213e+00 1.113825767468183514e+00 7.401842948717948900e+00
2.900000000000000000e+01 3.792887875145920895e-04 1.165624470594181838e+00 1.103356459201910500e+00 8.413461538461538325e+00 1.000000000000000000e+01 6.460336538461539213e+00 1.113825767468183514e+00 7.401842948717948900e+00
3.000000000000000000e+01 3.459154854594684390e-04 1.165516705396427932e+00 1.102719198434780834e+00 8.683894230769229949e+00 1.000000000000000000e+01 6.460336538461539213e+00 1.113825767468183514e+00 7.401842948717948900e+00
3.100000000000000000e+01 3.154786722400968173e-04 1.165589924463709570e+00 1.102350500913766629e+00 8.603766025641025550e+00 1.000000000000000000e+01 6.460336538461539213e+00 1.113825767468183514e+00 7.401842948717948900e+00
3.200000000000000000e+01 2.877199686685786456e-04 1.165550582067514052e+00 1.102836662378066546e+00 8.623798076923076650e+00 1.000000000000000000e+01 6.460336538461539213e+00 1.113825767468183514e+00 7.401842948717948900e+00
3.300000000000000000e+01 2.624037301248864683e-04 1.165464208900442777e+00 1.101806746079371457e+00 8.473557692307693401e+00 1.000000000000000000e+01 6.460336538461539213e+00 1.113825767468183514e+00 7.401842948717948900e+00
3.400000000000000000e+01 2.393150461613193229e-04 1.165444352990395727e+00 1.101941214157984739e+00 8.373397435897436125e+00 1.000000000000000000e+01 6.460336538461539213e+00 1.113825767468183514e+00 7.401842948717948900e+00
3.500000000000000000e+01 2.182579161200831359e-04 1.165371170976525539e+00 1.102684850876147982e+00 8.854166666666667851e+00 1.000000000000000000e+01 6.460336538461539213e+00 1.113825767468183514e+00 7.401842948717948900e+00
3.600000000000000000e+01 1.990535852767487575e-04 1.165412622364075279e+00 1.102341986619509218e+00 9.004407051282051100e+00 1.000000000000000000e+01 6.460336538461539213e+00 1.113825767468183514e+00 7.401842948717948900e+00
3.700000000000000000e+01 1.815390273850508085e-04 1.165259446198504412e+00 1.102063831610557321e+00 9.074519230769229949e+00 1.000000000000000000e+01 6.460336538461539213e+00 1.113825767468183514e+00 7.401842948717948900e+00
3.800000000000000000e+01 1.655655607412956864e-04 1.165337615435004137e+00 1.102479373797392137e+00 9.314903846153846700e+00 1.000000000000000000e+01 6.460336538461539213e+00 1.113825767468183514e+00 7.401842948717948900e+00
3.900000000000000000e+01 1.509975860201009533e-04 1.165328422164472855e+00 1.102379549772311451e+00 9.304887820512821150e+00 1.000000000000000000e+01 6.460336538461539213e+00 1.113825767468183514e+00 7.401842948717948900e+00
4.000000000000000000e+01 1.377114351669084453e-04 1.165337586708202089e+00 1.101664981780908104e+00 9.194711538461538325e+00 1.000000000000000000e+01 6.460336538461539213e+00 1.113825767468183514e+00 7.401842948717948900e+00
4.100000000000000000e+01 1.255943215754791128e-04 1.165293546716603457e+00 1.101844614897018904e+00 9.124599358974357699e+00 1.000000000000000000e+01 6.460336538461539213e+00 1.113825767468183514e+00 7.401842948717948900e+00
4.200000000000000000e+01 1.145433826383887517e-04 1.165181805979248031e+00 1.102710662743984216e+00 9.184695512820512775e+00 1.000000000000000000e+01 6.460336538461539213e+00 1.113825767468183514e+00 7.401842948717948900e+00
4.300000000000000000e+01 1.044648065427020725e-04 1.165208348850432341e+00 1.101920983730218406e+00 9.264823717948718951e+00 1.000000000000000000e+01 6.460336538461539213e+00 1.113825767468183514e+00 7.401842948717948900e+00
4.400000000000000000e+01 9.527303589816244768e-05 1.165186020353759178e+00 1.101822029321621654e+00 9.244791666666667851e+00 1.000000000000000000e+01 6.460336538461539213e+00 1.113825767468183514e+00 7.401842948717948900e+00
4.500000000000000000e+01 8.689004143746885660e-05 1.165242424527480170e+00 1.101567470110379698e+00 9.334935897435897800e+00 1.000000000000000000e+01 6.460336538461539213e+00 1.113825767468183514e+00 7.401842948717948900e+00
4.600000000000000000e+01 7.924465962305575018e-05 1.165204539010355367e+00 1.102025802318866488e+00 9.224759615384616751e+00 1.000000000000000000e+01 6.460336538461539213e+00 1.113825767468183514e+00 7.401842948717948900e+00
4.700000000000000000e+01 7.227198853729643999e-05 1.165221758715903722e+00 1.101329889052953481e+00 9.274839743589744501e+00 1.000000000000000000e+01 6.460336538461539213e+00 1.113825767468183514e+00 7.401842948717948900e+00
4.800000000000000000e+01 6.591283692782041071e-05 1.165154582546531703e+00 1.102352200410305016e+00 9.294871794871795601e+00 1.000000000000000000e+01 6.460336538461539213e+00 1.113825767468183514e+00 7.401842948717948900e+00
4.900000000000000000e+01 6.011322173087069621e-05 1.165128662644498325e+00 1.101947197547325619e+00 9.354967948717948900e+00 1.000000000000000000e+01 6.460336538461539213e+00 1.113825767468183514e+00 7.401842948717948900e+00
5.000000000000000000e+01 5.482390980715929815e-05 1.165224857047217455e+00 1.102056564428867347e+00 9.405048076923076650e+00 1.000000000000000000e+01 6.460336538461539213e+00 1.113825767468183514e+00 7.401842948717948900e+00
5.100000000000000000e+01 5.000000000000004305e-05 1.165142022689090950e+00 1.101703295340904720e+00 9.204727564102563875e+00 1.000000000000000000e+01 6.460336538461539213e+00 1.113825767468183514e+00 7.401842948717948900e+00
5.200000000000000000e+01 4.560054196779552929e-05 1.165115181725294491e+00 1.102812352852943656e+00 9.395032051282051100e+00 1.000000000000000000e+01 6.460336538461539213e+00 1.113825767468183514e+00 7.401842948717948900e+00
5.300000000000000000e+01 4.158818855513359263e-05 1.165119496574224200e+00 1.101968944072723389e+00 9.284855769230770051e+00 1.000000000000000000e+01 6.460336538461539213e+00 1.113825767468183514e+00 7.401842948717948900e+00
5.400000000000000000e+01 3.792887875145922657e-05 1.165173914018970747e+00 1.101251849761375912e+00 9.715544871794872250e+00 1.000000000000000000e+01 6.460336538461539213e+00 1.113825767468183514e+00 7.401842948717948900e+00
5.500000000000000000e+01 3.459154854594686016e-05 1.165160827503493035e+00 1.101007252167432782e+00 9.385016025641025550e+00 1.000000000000000000e+01 6.460336538461539213e+00 1.113825767468183514e+00 7.401842948717948900e+00
5.600000000000000000e+01 3.154786722400969393e-05 1.165117104894484834e+00 1.101704097711122987e+00 9.395032051282051100e+00 1.000000000000000000e+01 6.460336538461539213e+00 1.113825767468183514e+00 7.401842948717948900e+00
5.700000000000000000e+01 2.877199686685787608e-05 1.165138876479773877e+00 1.102669336856939797e+00 9.284855769230770051e+00 1.000000000000000000e+01 6.460336538461539213e+00 1.113825767468183514e+00 7.401842948717948900e+00
5.800000000000000000e+01 2.624037301248865700e-05 1.165126642470309948e+00 1.100601430122668978e+00 9.425080128205127750e+00 1.000000000000000000e+01 6.460336538461539213e+00 1.113825767468183514e+00 7.401842948717948900e+00
5.900000000000000000e+01 2.393150461613194246e-05 1.165061513814160010e+00 1.102198467804835325e+00 9.535256410256408799e+00 1.000000000000000000e+01 6.460336538461539213e+00 1.113825767468183514e+00 7.401842948717948900e+00
6.000000000000000000e+01 2.182579161200832036e-05 1.164984297696869620e+00 1.101196429668328758e+00 9.715544871794872250e+00 1.000000000000000000e+01 6.460336538461539213e+00 1.113825767468183514e+00 7.401842948717948900e+00
6.100000000000000000e+01 1.990535852767488456e-05 1.165179030720374431e+00 1.100991556277641781e+00 9.495192307692306599e+00 1.000000000000000000e+01 6.460336538461539213e+00 1.113825767468183514e+00 7.401842948717948900e+00
6.200000000000000000e+01 1.815390273850508694e-05 1.165122574505345288e+00 1.101533833222511527e+00 9.354967948717948900e+00 1.000000000000000000e+01 6.460336538461539213e+00 1.113825767468183514e+00 7.401842948717948900e+00
6.300000000000000000e+01 1.655655607412957202e-05 1.165163465650867147e+00 1.101320042059971804e+00 9.495192307692306599e+00 1.000000000000000000e+01 6.460336538461539213e+00 1.113825767468183514e+00 7.401842948717948900e+00
6.400000000000000000e+01 1.509975860201009770e-05 1.165071336021245685e+00 1.100528620756589415e+00 9.425080128205127750e+00 1.000000000000000000e+01 6.460336538461539213e+00 1.113825767468183514e+00 7.401842948717948900e+00
6.500000000000000000e+01 1.377114351669084859e-05 1.165066408333872650e+00 1.101071909452095987e+00 9.825721153846153300e+00 1.000000000000000000e+01 6.460336538461539213e+00 1.113825767468183514e+00 7.401842948717948900e+00
6.600000000000000000e+01 1.255943215754791602e-05 1.165066321043252140e+00 1.102736844466282840e+00 9.375000000000000000e+00 1.000000000000000000e+01 6.460336538461539213e+00 1.113825767468183514e+00 7.401842948717948900e+00
6.700000000000000000e+01 1.145433826383887957e-05 1.165195857271187796e+00 1.102207518540895936e+00 9.615384615384616751e+00 1.000000000000000000e+01 6.460336538461539213e+00 1.113825767468183514e+00 7.401842948717948900e+00
6.800000000000000000e+01 1.044648065427021132e-05 1.165091173196421748e+00 1.101640236683380847e+00 9.535256410256408799e+00 1.000000000000000000e+01 6.460336538461539213e+00 1.113825767468183514e+00 7.401842948717948900e+00
6.900000000000000000e+01 9.527303589816248834e-06 1.165166879005565370e+00 1.101703685063582183e+00 9.385016025641025550e+00 1.000000000000000000e+01 6.460336538461539213e+00 1.113825767468183514e+00 7.401842948717948900e+00
7.000000000000000000e+01 8.689004143746888710e-06 1.165040682996943078e+00 1.101664887024806028e+00 9.575320512820512775e+00 1.000000000000000000e+01 6.460336538461539213e+00 1.113825767468183514e+00 7.401842948717948900e+00
7.100000000000000000e+01 7.924465962305577389e-06 1.165099637055979853e+00 1.100458273520836361e+00 9.795673076923076650e+00 1.000000000000000000e+01 6.460336538461539213e+00 1.113825767468183514e+00 7.401842948717948900e+00
7.200000000000000000e+01 7.227198853729646878e-06 1.165022556107313534e+00 1.102479398250579834e+00 9.525240384615383249e+00 1.000000000000000000e+01 6.460336538461539213e+00 1.113825767468183514e+00 7.401842948717948900e+00
7.300000000000000000e+01 6.591283692782043951e-06 1.165125548908957587e+00 1.102456557445037122e+00 9.455128205128204399e+00 1.000000000000000000e+01 6.460336538461539213e+00 1.113825767468183514e+00 7.401842948717948900e+00
7.400000000000000000e+01 6.011322173087072670e-06 1.165072525338604725e+00 1.100944103338779456e+00 9.745592948717948900e+00 1.000000000000000000e+01 6.460336538461539213e+00 1.113825767468183514e+00 7.401842948717948900e+00
7.500000000000000000e+01 5.482390980715932695e-06 1.165163185182911176e+00 1.100310808573013777e+00 9.545272435897436125e+00 1.000000000000000000e+01 6.460336538461539213e+00 1.113825767468183514e+00 7.401842948717948900e+00
7.600000000000000000e+01 5.000000000000007185e-06 1.165108422600209970e+00 1.101170104283552886e+00 9.515224358974357699e+00 1.000000000000000000e+01 6.460336538461539213e+00 1.113825767468183514e+00 7.401842948717948900e+00
7.700000000000000000e+01 4.560054196779554962e-06 1.165011983672731510e+00 1.101631260835207460e+00 9.585336538461538325e+00 1.000000000000000000e+01 6.460336538461539213e+00 1.113825767468183514e+00 7.401842948717948900e+00
7.800000000000000000e+01 4.158818855513360618e-06 1.165057418232608111e+00 1.102054001429142005e+00 9.375000000000000000e+00 1.000000000000000000e+01 6.460336538461539213e+00 1.113825767468183514e+00 7.401842948717948900e+00
7.900000000000000000e+01 3.792887875145924181e-06 1.164998018422420900e+00 1.100872018398382668e+00 9.675480769230770051e+00 1.000000000000000000e+01 6.460336538461539213e+00 1.113825767468183514e+00 7.401842948717948900e+00
8.000000000000000000e+01 3.459154854594687202e-06 1.165113226359881349e+00 1.102174615248655565e+00 9.605368589743591201e+00 1.000000000000000000e+01 6.460336538461539213e+00 1.113825767468183514e+00 7.401842948717948900e+00
8.100000000000000000e+01 3.154786722400970748e-06 1.165143421143119973e+00 1.101731908627045398e+00 9.425080128205127750e+00 1.000000000000000000e+01 6.460336538461539213e+00 1.113825767468183514e+00 7.401842948717948900e+00
8.200000000000000000e+01 2.877199686685788878e-06 1.165092900412740384e+00 1.100945006578396557e+00 9.625400641025642301e+00 1.000000000000000000e+01 6.460336538461539213e+00 1.113825767468183514e+00 7.401842948717948900e+00
8.300000000000000000e+01 2.624037301248867055e-06 1.165125218342569102e+00 1.101020096204219811e+00 9.625400641025642301e+00 1.000000000000000000e+01 6.460336538461539213e+00 1.113825767468183514e+00 7.401842948717948900e+00
8.400000000000000000e+01 2.393150461613195516e-06 1.165098296055555149e+00 1.101711037831428763e+00 9.595352564102563875e+00 1.000000000000000000e+01 6.460336538461539213e+00 1.113825767468183514e+00 7.401842948717948900e+00
8.500000000000000000e+01 2.182579161200833392e-06 1.165111755603128518e+00 1.100787158195789095e+00 9.655448717948718951e+00 1.000000000000000000e+01 6.460336538461539213e+00 1.113825767468183514e+00 7.401842948717948900e+00
8.600000000000000000e+01 1.990535852767489642e-06 1.164995290486443347e+00 1.101119307371286160e+00 9.625400641025642301e+00 1.000000000000000000e+01 6.460336538461539213e+00 1.113825767468183514e+00 7.401842948717948900e+00
8.700000000000000000e+01 1.815390273850509796e-06 1.165072846745722979e+00 1.102061215119484183e+00 9.505208333333332149e+00 1.000000000000000000e+01 6.460336538461539213e+00 1.113825767468183514e+00 7.401842948717948900e+00
8.800000000000000000e+01 1.655655607412958304e-06 1.165058169709095814e+00 1.101815208410605429e+00 9.535256410256408799e+00 1.000000000000000000e+01 6.460336538461539213e+00 1.113825767468183514e+00 7.401842948717948900e+00
8.900000000000000000e+01 1.509975860201010702e-06 1.165055210015826459e+00 1.101531293147649526e+00 9.505208333333332149e+00 1.000000000000000000e+01 6.460336538461539213e+00 1.113825767468183514e+00 7.401842948717948900e+00
9.000000000000000000e+01 1.377114351669085706e-06 1.165048448531535996e+00 1.101677611852303507e+00 9.695512820512821150e+00 1.000000000000000000e+01 6.460336538461539213e+00 1.113825767468183514e+00 7.401842948717948900e+00
9.100000000000000000e+01 1.255943215754792407e-06 1.165081899712887781e+00 1.100600103537241692e+00 9.665464743589744501e+00 1.000000000000000000e+01 6.460336538461539213e+00 1.113825767468183514e+00 7.401842948717948900e+00
9.200000000000000000e+01 1.145433826383888635e-06 1.165166110320751791e+00 1.101831977184002165e+00 9.705528846153846700e+00 1.000000000000000000e+01 6.460336538461539213e+00 1.113825767468183514e+00 7.401842948717948900e+00
9.300000000000000000e+01 1.044648065427021598e-06 1.165052647363043148e+00 1.100946599092238909e+00 9.685496794871795601e+00 1.000000000000000000e+01 6.460336538461539213e+00 1.113825767468183514e+00 7.401842948717948900e+00
9.400000000000000000e+01 9.527303589816253281e-07 1.165153151202396042e+00 1.101256926854451423e+00 9.565304487179487225e+00 1.000000000000000000e+01 6.460336538461539213e+00 1.113825767468183514e+00 7.401842948717948900e+00
9.500000000000000000e+01 8.689004143746893368e-07 1.165121944736129844e+00 1.101055496778243548e+00 9.555288461538461675e+00 1.000000000000000000e+01 6.460336538461539213e+00 1.113825767468183514e+00 7.401842948717948900e+00
9.600000000000000000e+01 7.924465962305582048e-07 1.165092524605108260e+00 1.102462757856417896e+00 9.595352564102563875e+00 1.000000000000000000e+01 6.460336538461539213e+00 1.113825767468183514e+00 7.401842948717948900e+00
9.700000000000000000e+01 7.227198853729651325e-07 1.165089662333167686e+00 1.100895721178788422e+00 9.535256410256408799e+00 1.000000000000000000e+01 6.460336538461539213e+00 1.113825767468183514e+00 7.401842948717948900e+00
9.800000000000000000e+01 6.591283692782048609e-07 1.165110149400198081e+00 1.100768659359369517e+00 9.565304487179487225e+00 1.000000000000000000e+01 6.460336538461539213e+00 1.113825767468183514e+00 7.401842948717948900e+00
9.900000000000000000e+01 6.011322173087076482e-07 1.165086291027846332e+00 1.101461755923735852e+00 9.575320512820512775e+00 1.000000000000000000e+01 6.460336538461539213e+00 1.113825767468183514e+00 7.401842948717948900e+00
1.000000000000000000e+02 5.482390980715936084e-07 1.165112672085256929e+00 1.102006047199934002e+00 9.505208333333332149e+00 1.000000000000000000e+01 6.460336538461539213e+00 1.113825767468183514e+00 7.401842948717948900e+00
