# Epoch, LR, Training Loss, Validation Loss, Validation Error, Best Epoch, Best Validation Error, Test Loss, Test Error
1.000000000000000000e+00 5.000000000000000104e-03 1.024424848648217923e+00 9.725037377614241807e-01 7.391826923076923350e+00 1.000000000000000000e+00 7.391826923076923350e+00 9.753707899497106038e-01 8.153044871794872250e+00
2.000000000000000000e+00 4.560054196779549270e-03 9.713728787043155455e-01 9.379602548403617179e-01 4.006410256410256387e+00 2.000000000000000000e+00 4.006410256410256387e+00 9.396587847135006166e-01 4.457131410256410575e+00
3.000000000000000000e+00 4.158818855513355360e-03 9.510375330081353162e-01 9.276703321016751547e-01 3.165064102564102200e+00 3.000000000000000000e+00 3.165064102564102200e+00 9.294247856506934191e-01 3.535657051282051100e+00
4.000000000000000000e+00 3.792887875145919269e-03 9.404622408059927219e-01 9.220719872376857973e-01 3.135016025641025550e+00 4.000000000000000000e+00 3.135016025641025550e+00 9.231321001664186676e-01 3.385416666666666519e+00
5.000000000000000000e+00 3.459154854594683089e-03 9.334158889758281674e-01 9.192825815616509910e-01 2.874599358974359031e+00 5.000000000000000000e+00 2.874599358974359031e+00 9.205654225288293357e-01 3.084935897435897800e+00
6.000000000000000000e+00 3.154786722400966872e-03 9.283358233097271928e-01 9.181882311136294605e-01 2.864583333333333037e+00 6.000000000000000000e+00 2.864583333333333037e+00 9.189912967192821469e-01 3.104967948717948900e+00
7.000000000000000000e+00 2.877199686685785480e-03 9.257991994038606842e-01 9.166417672083928547e-01 2.744391025641025550e+00 7.000000000000000000e+00 2.744391025641025550e+00 9.176713197659223109e-01 2.854567307692307487e+00
8.000000000000000000e+00 2.624037301248863599e-03 9.238657706823104609e-01 9.176580554399734746e-01 3.044871794871794712e+00 7.000000000000000000e+00 2.744391025641025550e+00 9.176713197659223109e-01 2.854567307692307487e+00
9.000000000000000000e+00 2.393150461613192254e-03 9.221927989751864674e-01 9.187233379253973986e-01 3.125000000000000000e+00 7.000000000000000000e+00 2.744391025641025550e+00 9.176713197659223109e-01 2.854567307692307487e+00
1.000000000000000000e+01 2.182579161200830491e-03 9.207910887705974545e-01 9.133988366677210369e-01 2.383814102564102200e+00 1.000000000000000000e+01 2.383814102564102200e+00 9.145262585236475505e-01 2.704326923076923350e+00
1.100000000000000000e+01 1.990535852767486708e-03 9.193544319042792345e-01 9.152182592795445881e-01 2.704326923076923350e+00 1.000000000000000000e+01 2.383814102564102200e+00 9.145262585236475505e-01 2.704326923076923350e+00
1.200000000000000000e+01 1.815390273850507217e-03 9.181353633220379340e-01 9.198455222142047916e-01 3.846153846153846256e+00 1.000000000000000000e+01 2.383814102564102200e+00 9.145262585236475505e-01 2.704326923076923350e+00
1.300000000000000000e+01 1.655655607412955888e-03 9.176199206939110731e-01 9.149193832507500623e-01 2.804487179487179738e+00 1.000000000000000000e+01 2.383814102564102200e+00 9.145262585236475505e-01 2.704326923076923350e+00
1.400000000000000000e+01 1.509975860201008503e-03 9.166914553214342565e-01 9.110512450719491229e-01 2.043269230769230838e+00 1.400000000000000000e+01 2.043269230769230838e+00 9.120294940777313730e-01 2.333733974358974450e+00
1.500000000000000000e+01 1.377114351669083640e-03 9.154759584329067446e-01 9.152069351611993309e-01 2.824519230769230838e+00 1.400000000000000000e+01 2.043269230769230838e+00 9.120294940777313730e-01 2.333733974358974450e+00
1.600000000000000000e+01 1.255943215754790369e-03 9.151108287847958822e-01 9.106289347012838098e-01 1.993189102564102422e+00 1.600000000000000000e+01 1.993189102564102422e+00 9.115680876450661385e-01 2.213541666666666963e+00
1.700000000000000000e+01 1.145433826383886839e-03 9.148141466654263754e-01 9.102942034220083967e-01 1.993189102564102422e+00 1.700000000000000000e+01 1.993189102564102422e+00 9.112627422198270599e-01 2.283653846153845812e+00
1.800000000000000000e+01 1.044648065427020156e-03 9.144450991581647425e-01 9.113455414772033691e-01 2.083333333333333037e+00 1.700000000000000000e+01 1.993189102564102422e+00 9.112627422198270599e-01 2.283653846153845812e+00
1.900000000000000000e+01 9.527303589816239890e-04 9.139604033567966246e-01 9.105359346438677282e-01 1.933092948717948900e+00 1.900000000000000000e+01 1.933092948717948900e+00 9.114308853944143030e-01 2.213541666666666963e+00
2.000000000000000000e+01 8.689004143746881324e-04 9.138131111096112758e-01 9.097025761237511610e-01 1.923076923076923128e+00 2.000000000000000000e+01 1.923076923076923128e+00 9.107117752234140662e-01 2.133413461538461675e+00
2.100000000000000000e+01 7.924465962305571494e-04 9.129320673453502621e-01 9.101968445839025978e-01 1.943108974358974450e+00 2.000000000000000000e+01 1.923076923076923128e+00 9.107117752234140662e-01 2.133413461538461675e+00
2.200000000000000000e+01 7.227198853729641017e-04 9.130530112828963984e-01 9.103566049001156069e-01 2.013221153846154188e+00 2.000000000000000000e+01 1.923076923076923128e+00 9.107117752234140662e-01 2.133413461538461675e+00
2.300000000000000000e+01 6.591283692782038631e-04 9.119690809494409578e-01 9.109044036804101463e-01 2.063301282051281937e+00 2.000000000000000000e+01 1.923076923076923128e+00 9.107117752234140662e-01 2.133413461538461675e+00
2.400000000000000000e+01 6.011322173087067181e-04 9.120945556041522018e-01 9.137420119383395933e-01 2.734375000000000000e+00 2.000000000000000000e+01 1.923076923076923128e+00 9.107117752234140662e-01 2.133413461538461675e+00
2.500000000000000000e+01 5.482390980715927918e-04 9.122741237664834246e-01 9.106484796756353362e-01 2.123397435897436125e+00 2.000000000000000000e+01 1.923076923076923128e+00 9.107117752234140662e-01 2.133413461538461675e+00
2.600000000000000000e+01 5.000000000000002272e-04 9.120544546689742793e-01 9.132076050990667326e-01 2.624198717948718063e+00 2.000000000000000000e+01 1.923076923076923128e+00 9.107117752234140662e-01 2.133413461538461675e+00
2.700000000000000000e+01 4.560054196779550896e-04 9.118451476097106934e-01 9.095073586855179082e-01 1.973157051282051100e+00 2.000000000000000000e+01 1.923076923076923128e+00 9.107117752234140662e-01 2.133413461538461675e+00
2.800000000000000000e+01 4.158818855513357095e-04 9.112650530460553178e-01 9.108301408779926334e-01 2.193509615384615419e+00 2.000000000000000000e+01 1.923076923076923128e+00 9.107117752234140662e-01 2.133413461538461675e+00
2.900000000000000000e+01 3.792887875145920895e-04 9.115569660296807264e-01 9.097290367652208776e-01 1.993189102564102422e+00 2.000000000000000000e+01 1.923076923076923128e+00 9.107117752234140662e-01 2.133413461538461675e+00
3.000000000000000000e+01 3.459154854594684390e-04 9.108887551686702944e-01 9.106692228561792390e-01 2.133413461538461675e+00 2.000000000000000000e+01 1.923076923076923128e+00 9.107117752234140662e-01 2.133413461538461675e+00
3.100000000000000000e+01 3.154786722400968173e-04 9.114061532876430727e-01 9.093045042111322918e-01 1.913060897435897578e+00 3.100000000000000000e+01 1.913060897435897578e+00 9.102780459783016420e-01 2.123397435897436125e+00
3.200000000000000000e+01 2.877199686685786456e-04 9.114307669492868191e-01 9.096855513560466733e-01 1.923076923076923128e+00 3.100000000000000000e+01 1.913060897435897578e+00 9.102780459783016420e-01 2.123397435897436125e+00
3.300000000000000000e+01 2.624037301248864683e-04 9.107025571358509097e-01 9.096920062334109547e-01 1.903044871794871584e+00 3.300000000000000000e+01 1.903044871794871584e+00 9.107979001143039488e-01 2.253605769230769162e+00
3.400000000000000000e+01 2.393150461613193229e-04 9.108267365357815004e-01 9.094428878564101426e-01 1.923076923076923128e+00 3.300000000000000000e+01 1.903044871794871584e+00 9.107979001143039488e-01 2.253605769230769162e+00
3.500000000000000000e+01 2.182579161200831359e-04 9.109683923232250180e-01 9.093397641793276032e-01 1.903044871794871584e+00 3.500000000000000000e+01 1.903044871794871584e+00 9.104101405693934002e-01 2.203525641025640969e+00
3.600000000000000000e+01 1.990535852767487575e-04 9.107814675722366582e-01 9.091560527300223127e-01 1.903044871794871584e+00 3.600000000000000000e+01 1.903044871794871584e+00 9.101985700619525943e-01 2.193509615384615419e+00
3.700000000000000000e+01 1.815390273850508085e-04 9.103672519708291277e-01 9.095870523880689174e-01 1.993189102564102422e+00 3.600000000000000000e+01 1.903044871794871584e+00 9.101985700619525943e-01 2.193509615384615419e+00
3.800000000000000000e+01 1.655655607412956864e-04 9.101067315309475658e-01 9.092868513021713506e-01 1.933092948717948900e+00 3.600000000000000000e+01 1.903044871794871584e+00 9.101985700619525943e-01 2.193509615384615419e+00
3.900000000000000000e+01 1.509975860201009533e-04 9.101242033334878689e-01 9.093721539546282262e-01 1.903044871794871584e+00 3.900000000000000000e+01 1.903044871794871584e+00 9.104655728890345134e-01 2.163461538461538325e+00
4.000000000000000000e+01 1.377114351669084453e-04 9.100354443757961986e-01 9.102874833803910049e-01 2.083333333333333037e+00 3.900000000000000000e+01 1.903044871794871584e+00 9.104655728890345134e-01 2.163461538461538325e+00
4.100000000000000000e+01 1.255943215754791128e-04 9.102272910949511520e-01 9.096471644364870768e-01 1.953125000000000000e+00 3.900000000000000000e+01 1.903044871794871584e+00 9.104655728890345134e-01 2.163461538461538325e+00
4.200000000000000000e+01 1.145433826383887517e-04 9.102736696218832746e-01 9.094602694878211047e-01 1.832932692307692291e+00 4.200000000000000000e+01 1.832932692307692291e+00 9.105725830946213017e-01 2.193509615384615419e+00
4.300000000000000000e+01 1.044648065427020725e-04 9.096589707411252279e-01 9.092253370162768356e-01 1.883012820512820484e+00 4.200000000000000000e+01 1.832932692307692291e+00 9.105725830946213017e-01 2.193509615384615419e+00
4.400000000000000000e+01 9.527303589816244768e-05 9.098932582598465713e-01 9.097047364100431244e-01 2.033253205128205288e+00 4.200000000000000000e+01 1.832932692307692291e+00 9.105725830946213017e-01 2.193509615384615419e+00
4.500000000000000000e+01 8.689004143746885660e-05 9.096473898643102629e-01 9.096653278057391656e-01 2.013221153846154188e+00 4.200000000000000000e+01 1.832932692307692291e+00 9.105725830946213017e-01 2.193509615384615419e+00
4.600000000000000000e+01 7.924465962305575018e-05 9.097925753165514440e-01 9.092710346747667760e-01 1.913060897435897578e+00 4.200000000000000000e+01 1.832932692307692291e+00 9.105725830946213017e-01 2.193509615384615419e+00
4.700000000000000000e+01 7.227198853729643999e-05 9.094974100589752197e-01 9.089962320450024613e-01 1.893028846153846034e+00 4.200000000000000000e+01 1.832932692307692291e+00 9.105725830946213017e-01 2.193509615384615419e+00
4.800000000000000000e+01 6.591283692782041071e-05 9.098115723866683213e-01 9.096022446950277063e-01 1.963141025641025550e+00 4.200000000000000000e+01 1.832932692307692291e+00 9.105725830946213017e-01 2.193509615384615419e+00
4.900000000000000000e+01 6.011322173087069621e-05 9.099441392299456588e-01 9.093255393016033139e-01 2.013221153846154188e+00 4.200000000000000000e+01 1.832932692307692291e+00 9.105725830946213017e-01 2.193509615384615419e+00
5.000000000000000000e+01 5.482390980715929815e-05 9.095184482060946207e-01 9.090853578005081426e-01 1.883012820512820484e+00 4.200000000000000000e+01 1.832932692307692291e+00 9.105725830946213017e-01 2.193509615384615419e+00
5.100000000000000000e+01 5.000000000000004305e-05 9.099692358420445881e-01 9.092132357450631863e-01 1.893028846153846034e+00 4.200000000000000000e+01 1.832932692307692291e+00 9.105725830946213017e-01 2.193509615384615419e+00
5.200000000000000000e+01 4.560054196779552929e-05 9.097667672695257668e-01 9.091523274397238508e-01 1.903044871794871584e+00 4.200000000000000000e+01 1.832932692307692291e+00 9.105725830946213017e-01 2.193509615384615419e+00
5.300000000000000000e+01 4.158818855513359263e-05 9.093684714574080674e-01 9.090377994072742496e-01 1.872996794871794712e+00 4.200000000000000000e+01 1.832932692307692291e+00 9.105725830946213017e-01 2.193509615384615419e+00
5.400000000000000000e+01 3.792887875145922657e-05 9.097510064259554108e-01 9.094742406637240650e-01 1.923076923076923128e+00 4.200000000000000000e+01 1.832932692307692291e+00 9.105725830946213017e-01 2.193509615384615419e+00
5.500000000000000000e+01 3.459154854594686016e-05 9.095385663020305600e-01 9.092589593850649576e-01 1.933092948717948900e+00 4.200000000000000000e+01 1.832932692307692291e+00 9.105725830946213017e-01 2.193509615384615419e+00
5.600000000000000000e+01 3.154786722400969393e-05 9.102058471777499937e-01 9.091764092445373535e-01 1.872996794871794712e+00 4.200000000000000000e+01 1.832932692307692291e+00 9.105725830946213017e-01 2.193509615384615419e+00
5.700000000000000000e+01 2.877199686685787608e-05 9.098542516048138129e-01 9.092393876650394224e-01 1.913060897435897578e+00 4.200000000000000000e+01 1.832932692307692291e+00 9.105725830946213017e-01 2.193509615384615419e+00
5.800000000000000000e+01 2.624037301248865700e-05 9.097972053747910293e-01 9.093907475471496582e-01 1.883012820512820484e+00 4.200000000000000000e+01 1.832932692307692291e+00 9.105725830946213017e-01 2.193509615384615419e+00
5.900000000000000000e+01 2.393150461613194246e-05 9.098805678196442148e-01 9.094264767108819481e-01 1.913060897435897578e+00 4.200000000000000000e+01 1.832932692307692291e+00 9.105725830946213017e-01 2.193509615384615419e+00
6.000000000000000000e+01 2.182579161200832036e-05 9.096842232422951424e-01 9.094918270905812951e-01 1.983173076923076872e+00 4.200000000000000000e+01 1.832932692307692291e+00 9.105725830946213017e-01 2.193509615384615419e+00
6.100000000000000000e+01 1.990535852767488456e-05 9.096058530685229293e-01 9.093461754994515145e-01 1.933092948717948900e+00 4.200000000000000000e+01 1.832932692307692291e+00 9.105725830946213017e-01 2.193509615384615419e+00
6.200000000000000000e+01 1.815390273850508694e-05 9.099867359185830340e-01 9.097668887713016295e-01 2.043269230769230838e+00 4.200000000000000000e+01 1.832932692307692291e+00 9.105725830946213017e-01 2.193509615384615419e+00
6.300000000000000000e+01 1.655655607412957202e-05 9.096025855113298864e-01 9.095168625697110931e-01 1.983173076923076872e+00 4.200000000000000000e+01 1.832932692307692291e+00 9.105725830946213017e-01 2.193509615384615419e+00
6.400000000000000000e+01 1.509975860201009770e-05 9.097221065790225270e-01 9.095686016938625551e-01 1.963141025641025550e+00 4.200000000000000000e+01 1.832932692307692291e+00 9.105725830946213017e-01 2.193509615384615419e+00
6.500000000000000000e+01 1.377114351669084859e-05 9.094952230270092475e-01 9.092007844876019984e-01 1.913060897435897578e+00 4.200000000000000000e+01 1.832932692307692291e+00 9.105725830946213017e-01 2.193509615384615419e+00
6.600000000000000000e+01 1.255943215754791602e-05 9.092362416096222422e-01 9.091961307403368941e-01 1.923076923076923128e+00 4.200000000000000000e+01 1.832932692307692291e+00 9.105725830946213017e-01 2.193509615384615419e+00
6.700000000000000000e+01 1.145433826383887957e-05 9.091685964510991536e-01 9.096296269160050185e-01 1.933092948717948900e+00 4.200000000000000000e+01 1.832932692307692291e+00 9.105725830946213017e-01 2.193509615384615419e+00
6.800000000000000000e+01 1.044648065427021132e-05 9.096489709157210557e-01 9.092299938201904297e-01 1.893028846153846034e+00 4.200000000000000000e+01 1.832932692307692291e+00 9.105725830946213017e-01 2.193509615384615419e+00
6.900000000000000000e+01 9.527303589816248834e-06 9.098466474276322158e-01 9.092118556682879937e-01 1.872996794871794712e+00 4.200000000000000000e+01 1.832932692307692291e+00 9.105725830946213017e-01 2.193509615384615419e+00
7.000000000000000000e+01 8.689004143746888710e-06 9.090791764931801522e-01 9.092533137553777678e-01 1.943108974358974450e+00 4.200000000000000000e+01 1.832932692307692291e+00 9.105725830946213017e-01 2.193509615384615419e+00
7.100000000000000000e+01 7.924465962305577389e-06 9.096494760268774016e-01 9.089861397559826361e-01 1.862980769230769162e+00 4.200000000000000000e+01 1.832932692307692291e+00 9.105725830946213017e-01 2.193509615384615419e+00
7.200000000000000000e+01 7.227198853729646878e-06 9.092468840953631393e-01 9.091997887843694670e-01 1.913060897435897578e+00 4.200000000000000000e+01 1.832932692307692291e+00 9.105725830946213017e-01 2.193509615384615419e+00
7.300000000000000000e+01 6.591283692782043951e-06 9.097044979914640228e-01 9.090986343530508274e-01 1.923076923076923128e+00 4.200000000000000000e+01 1.832932692307692291e+00 9.105725830946213017e-01 2.193509615384615419e+00
7.400000000000000000e+01 6.011322173087072670e-06 9.093072658930069219e-01 9.093614151844611193e-01 1.913060897435897578e+00 4.200000000000000000e+01 1.832932692307692291e+00 9.105725830946213017e-01 2.193509615384615419e+00
7.500000000000000000e+01 5.482390980715932695e-06 9.093130490718743797e-01 9.096063268490326426e-01 1.933092948717948900e+00 4.200000000000000000e+01 1.832932692307692291e+00 9.105725830946213017e-01 2.193509615384615419e+00
7.600000000000000000e+01 5.000000000000007185e-06 9.094535624369596283e-01 9.091742734114328650e-01 1.862980769230769162e+00 4.200000000000000000e+01 1.832932692307692291e+00 9.105725830946213017e-01 2.193509615384615419e+00
7.700000000000000000e+01 4.560054196779554962e-06 9.098716309437384631e-01 9.091296066076327564e-01 1.852964743589743613e+00 4.200000000000000000e+01 1.832932692307692291e+00 9.105725830946213017e-01 2.193509615384615419e+00
7.800000000000000000e+01 4.158818855513360618e-06 9.098762846910036783e-01 9.090872536867092846e-01 1.913060897435897578e+00 4.200000000000000000e+01 1.832932692307692291e+00 9.105725830946213017e-01 2.193509615384615419e+00
7.900000000000000000e+01 3.792887875145924181e-06 9.097362183607541342e-01 9.091724142050131574e-01 1.923076923076923128e+00 4.200000000000000000e+01 1.832932692307692291e+00 9.105725830946213017e-01 2.193509615384615419e+00
8.000000000000000000e+01 3.459154854594687202e-06 9.095173546901116346e-01 9.092432803068405400e-01 1.903044871794871584e+00 4.200000000000000000e+01 1.832932692307692291e+00 9.105725830946213017e-01 2.193509615384615419e+00
8.100000000000000000e+01 3.154786722400970748e-06 9.093137169495607575e-01 9.095488427541195131e-01 1.953125000000000000e+00 4.200000000000000000e+01 1.832932692307692291e+00 9.105725830946213017e-01 2.193509615384615419e+00
8.200000000000000000e+01 2.877199686685788878e-06 9.093536711656130533e-01 9.090189108481774305e-01 1.862980769230769162e+00 4.200000000000000000e+01 1.832932692307692291e+00 9.105725830946213017e-01 2.193509615384615419e+00
8.300000000000000000e+01 2.624037301248867055e-06 9.093747169543535680e-01 9.094267670924847113e-01 1.953125000000000000e+00 4.200000000000000000e+01 1.832932692307692291e+00 9.105725830946213017e-01 2.193509615384615419e+00
8.400000000000000000e+01 2.393150461613195516e-06 9.094760685394971400e-01 9.091252569968883979e-01 1.852964743589743613e+00 4.200000000000000000e+01 1.832932692307692291e+00 9.105725830946213017e-01 2.193509615384615419e+00
8.500000000000000000e+01 2.182579161200833392e-06 9.092290042302547670e-01 9.093064948534353986e-01 1.913060897435897578e+00 4.200000000000000000e+01 1.832932692307692291e+00 9.105725830946213017e-01 2.193509615384615419e+00
8.600000000000000000e+01 1.990535852767489642e-06 9.092326202453711037e-01 9.096378485361734656e-01 1.973157051282051100e+00 4.200000000000000000e+01 1.832932692307692291e+00 9.105725830946213017e-01 2.193509615384615419e+00
8.700000000000000000e+01 1.815390273850509796e-06 9.096527695655822754e-01 9.093815989983387027e-01 1.993189102564102422e+00 4.200000000000000000e+01 1.832932692307692291e+00 9.105725830946213017e-01 2.193509615384615419e+00
8.800000000000000000e+01 1.655655607412958304e-06 9.090569324982471500e-01 9.096023692534520588e-01 1.963141025641025550e+00 4.200000000000000000e+01 1.832932692307692291e+00 9.105725830946213017e-01 2.193509615384615419e+00
8.900000000000000000e+01 1.509975860201010702e-06 9.094014488733731527e-01 9.091586531736911558e-01 1.862980769230769162e+00 4.200000000000000000e+01 1.832932692307692291e+00 9.105725830946213017e-01 2.193509615384615419e+00
9.000000000000000000e+01 1.377114351669085706e-06 9.097746977439293836e-01 9.093550779880621437e-01 1.913060897435897578e+00 4.200000000000000000e+01 1.832932692307692291e+00 9.105725830946213017e-01 2.193509615384615419e+00
9.100000000000000000e+01 1.255943215754792407e-06 9.094929664562909633e-01 9.094133667456798520e-01 1.883012820512820484e+00 4.200000000000000000e+01 1.832932692307692291e+00 9.105725830946213017e-01 2.193509615384615419e+00
9.200000000000000000e+01 1.145433826383888635e-06 9.098880917598040075e-01 9.093696627861413972e-01 1.913060897435897578e+00 4.200000000000000000e+01 1.832932692307692291e+00 9.105725830946213017e-01 2.193509615384615419e+00
9.300000000000000000e+01 1.044648065427021598e-06 9.093834902995672209e-01 9.094210129517775743e-01 1.953125000000000000e+00 4.200000000000000000e+01 1.832932692307692291e+00 9.105725830946213017e-01 2.193509615384615419e+00
9.400000000000000000e+01 9.527303589816253281e-07 9.088200093843997740e-01 9.093484679857889441e-01 1.923076923076923128e+00 4.200000000000000000e+01 1.832932692307692291e+00 9.105725830946213017e-01 2.193509615384615419e+00
9.500000000000000000e+01 8.689004143746893368e-07 9.090196062356997730e-01 9.094949013147598516e-01 2.003205128205128194e+00 4.200000000000000000e+01 1.832932692307692291e+00 9.105725830946213017e-01 2.193509615384615419e+00
9.600000000000000000e+01 7.924465962305582048e-07 9.092611693418942709e-01 9.094870533698644621e-01 1.943108974358974450e+00 4.200000000000000000e+01 1.832932692307692291e+00 9.105725830946213017e-01 2.193509615384615419e+00
9.700000000000000000e+01 7.227198853729651325e-07 9.095521592176877279e-01 9.095367934459295256e-01 1.993189102564102422e+00 4.200000000000000000e+01 1.832932692307692291e+00 9.105725830946213017e-01 2.193509615384615419e+00
9.800000000000000000e+01 6.591283692782048609e-07 9.091576246114877469e-01 9.090157739627056088e-01 1.893028846153846034e+00 4.200000000000000000e+01 1.832932692307692291e+00 9.105725830946213017e-01 2.193509615384615419e+00
9.900000000000000000e+01 6.011322173087076482e-07 9.094594808725210422e-01 9.091908916448935285e-01 1.933092948717948900e+00 4.200000000000000000e+01 1.832932692307692291e+00 9.105725830946213017e-01 2.193509615384615419e+00
1.000000000000000000e+02 5.482390980715936084e-07 9.091083162870162715e-01 9.092087722741640787e-01 1.883012820512820484e+00 4.200000000000000000e+01 1.832932692307692291e+00 9.105725830946213017e-01 2.193509615384615419e+00
