# Epoch, LR, Training Loss, Validation Loss, Validation Error, Best Epoch, Best Validation Error, Test Loss, Test Error
1.000000000000000000e+00 1.000000000000000021e-02 5.115579234865995639e-01 1.600223433894988889e-01 1.188902243589743613e+01 1.000000000000000000e+00 1.188902243589743613e+01 1.662864399453004294e-01 1.280048076923076827e+01
2.000000000000000000e+00 9.772372209558106634e-03 1.478257288153354831e-01 9.462410751252602059e-02 1.006610576923077005e+01 2.000000000000000000e+00 1.006610576923077005e+01 9.890961544349408108e-02 1.077724358974359120e+01
3.000000000000000000e+00 9.549925860214358853e-03 1.116706961049483415e-01 7.654983225541237002e-02 8.934294871794872250e+00 3.000000000000000000e+00 8.934294871794872250e+00 8.043961173210006921e-02 9.475160256410255499e+00
4.000000000000000000e+00 9.332543007969909890e-03 9.714658615680840659e-02 6.492102208236853744e-02 8.012820512820512775e+00 4.000000000000000000e+00 8.012820512820512775e+00 6.774203553318212945e-02 8.593750000000000000e+00
5.000000000000000000e+00 9.120108393559096804e-03 8.876059920741961873e-02 5.924945592116086929e-02 7.672275641025641413e+00 5.000000000000000000e+00 7.672275641025641413e+00 6.168983169855215415e-02 8.032852564102563875e+00
6.000000000000000000e+00 8.912509381337455419e-03 8.200351855693718828e-02 5.477630535665994893e-02 7.191506410256409687e+00 6.000000000000000000e+00 7.191506410256409687e+00 5.781034191545003642e-02 7.592147435897435237e+00
7.000000000000000000e+00 8.709635899560806346e-03 7.598678877529425890e-02 5.158165820802633472e-02 6.881009615384615863e+00 7.000000000000000000e+00 6.881009615384615863e+00 5.324264864126840996e-02 6.951121794871795601e+00
8.000000000000000000e+00 8.511380382023763999e-03 7.275860818723837997e-02 4.819711394464740173e-02 6.410256410256409687e+00 8.000000000000000000e+00 6.410256410256409687e+00 5.045266856009570505e-02 6.700721153846153300e+00
9.000000000000000000e+00 8.317637711026708985e-03 6.935885863808485818e-02 4.562147391530183699e-02 5.969551282051281937e+00 9.000000000000000000e+00 5.969551282051281937e+00 4.809493671219127603e-02 6.360176282051281937e+00
1.000000000000000000e+01 8.128305161640991122e-03 6.848074118487346151e-02 4.489027616830590373e-02 5.869391025641025550e+00 1.000000000000000000e+01 5.869391025641025550e+00 4.738200976489446298e-02 6.340144230769230838e+00
1.100000000000000000e+01 7.943282347242813790e-03 6.656132285029460471e-02 4.283761082646938417e-02 5.779246794871795601e+00 1.100000000000000000e+01 5.779246794871795601e+00 4.524536285167320843e-02 6.059695512820512775e+00
1.200000000000000000e+01 7.762471166286915615e-03 6.133221682065572583e-02 4.074825970933605712e-02 5.358573717948718063e+00 1.200000000000000000e+01 5.358573717948718063e+00 4.370495332076620304e-02 5.929487179487178850e+00
1.300000000000000000e+01 7.585775750291835935e-03 6.025308179549682119e-02 4.023030224757698919e-02 5.298477564102563875e+00 1.300000000000000000e+01 5.298477564102563875e+00 4.270454953448512420e-02 5.578926282051281937e+00
1.400000000000000000e+01 7.413102413009173275e-03 5.849536216984956710e-02 3.979555979514351471e-02 5.208333333333333925e+00 1.400000000000000000e+01 5.208333333333333925e+00 4.195780167654634268e-02 5.588942307692308376e+00
1.500000000000000000e+01 7.244359600749898306e-03 5.871716270653101061e-02 3.991762552267083541e-02 5.338541666666666075e+00 1.400000000000000000e+01 5.208333333333333925e+00 4.195780167654634268e-02 5.588942307692308376e+00
1.600000000000000000e+01 7.079457843841376920e-03 5.505877131452927009e-02 3.831164488712182625e-02 5.058092948717948900e+00 1.600000000000000000e+01 5.058092948717948900e+00 4.073812706897465136e-02 5.518830128205127750e+00
1.700000000000000000e+01 6.918309709189362708e-03 5.597089648915407056e-02 3.704284488533934189e-02 4.907852564102563875e+00 1.700000000000000000e+01 4.907852564102563875e+00 3.925892936800105121e-02 5.198317307692308376e+00
1.800000000000000000e+01 6.760829753919815784e-03 5.423892969981981838e-02 3.639300436808321632e-02 4.937900641025640525e+00 1.700000000000000000e+01 4.907852564102563875e+00 3.925892936800105121e-02 5.198317307692308376e+00
1.900000000000000000e+01 6.606934480075958224e-03 5.314948553076156990e-02 3.589690067112828037e-02 4.697516025641025550e+00 1.900000000000000000e+01 4.697516025641025550e+00 3.855779962554478635e-02 5.138221153846153300e+00
2.000000000000000000e+01 6.456542290346553234e-03 5.336459191181720796e-02 3.623189149687114363e-02 4.707532051282051100e+00 1.900000000000000000e+01 4.697516025641025550e+00 3.855779962554478635e-02 5.138221153846153300e+00
2.100000000000000000e+01 6.309573444801930275e-03 5.217540299949737642e-02 3.540363136487893747e-02 4.657451923076923350e+00 2.100000000000000000e+01 4.657451923076923350e+00 3.740897058592870111e-02 5.158253205128204399e+00
2.200000000000000000e+01 6.165950018614819658e-03 5.077170754950015991e-02 3.504595183767378330e-02 4.667467948717948900e+00 2.100000000000000000e+01 4.657451923076923350e+00 3.740897058592870111e-02 5.158253205128204399e+00
2.300000000000000000e+01 6.025595860743575283e-03 4.812023167808850838e-02 3.480680702397456749e-02 4.637419871794872250e+00 2.300000000000000000e+01 4.637419871794872250e+00 3.731558170656148338e-02 4.887820512820512775e+00
2.400000000000000000e+01 5.888436553555887257e-03 4.916953832770769306e-02 3.409644322565350688e-02 4.507211538461538325e+00 2.400000000000000000e+01 4.507211538461538325e+00 3.585934989566270242e-02 4.987980769230769162e+00
2.500000000000000000e+01 5.754399373371566623e-03 4.932902543208537993e-02 3.405021253722505248e-02 4.547275641025640525e+00 2.400000000000000000e+01 4.507211538461538325e+00 3.585934989566270242e-02 4.987980769230769162e+00
2.600000000000000000e+01 5.623413251903488369e-03 4.784788403851099325e-02 3.293613214881565415e-02 4.296875000000000000e+00 2.600000000000000000e+01 4.296875000000000000e+00 3.518176911464438589e-02 4.647435897435897800e+00
2.700000000000000000e+01 5.495408738576242937e-03 4.733393255334634314e-02 3.321251566283022622e-02 4.306891025641025550e+00 2.600000000000000000e+01 4.296875000000000000e+00 3.518176911464438589e-02 4.647435897435897800e+00
2.800000000000000000e+01 5.370317963702524351e-03 4.913687273764457547e-02 3.304308136471380275e-02 4.246794871794872250e+00 2.800000000000000000e+01 4.246794871794872250e+00 3.488234130035822861e-02 4.737580128205127750e+00
2.900000000000000000e+01 5.248074602497722861e-03 4.591745252792651943e-02 3.214589587579935043e-02 4.116586538461538325e+00 2.900000000000000000e+01 4.116586538461538325e+00 3.406314787198192612e-02 4.507211538461538325e+00
3.000000000000000000e+01 5.128613839913645327e-03 4.691313792211122824e-02 3.200470009006750605e-02 4.046474358974359475e+00 3.000000000000000000e+01 4.046474358974359475e+00 3.371381517372822739e-02 4.547275641025640525e+00
3.100000000000000000e+01 5.011872336272719421e-03 4.476978508039163029e-02 3.222673429319491967e-02 4.176682692307691624e+00 3.000000000000000000e+01 4.046474358974359475e+00 3.371381517372822739e-02 4.547275641025640525e+00
3.200000000000000000e+01 4.897788193684458370e-03 4.544696572403877227e-02 3.152634845509265371e-02 4.006410256410256387e+00 3.200000000000000000e+01 4.006410256410256387e+00 3.316721035755621633e-02 4.497195512820512775e+00
3.300000000000000000e+01 4.786300923226380170e-03 4.433154606093198807e-02 3.146560907734032714e-02 3.916266025641025550e+00 3.300000000000000000e+01 3.916266025641025550e+00 3.291672862728890758e-02 4.497195512820512775e+00
3.400000000000000000e+01 4.677351412871978524e-03 4.389635394685543340e-02 3.133037972311752267e-02 3.996394230769230393e+00 3.300000000000000000e+01 3.916266025641025550e+00 3.291672862728890758e-02 4.497195512820512775e+00
3.500000000000000000e+01 4.570881896148746952e-03 4.272464421601631507e-02 3.101419871493887523e-02 3.906250000000000000e+00 3.500000000000000000e+01 3.906250000000000000e+00 3.237035972695313790e-02 4.336939102564102200e+00
3.600000000000000000e+01 4.466835921509627882e-03 4.247080240971767146e-02 3.153541978472509250e-02 4.046474358974359475e+00 3.500000000000000000e+01 3.906250000000000000e+00 3.237035972695313790e-02 4.336939102564102200e+00
3.700000000000000000e+01 4.365158322401656646e-03 4.240411269263578975e-02 3.080464726707969614e-02 3.976362179487179294e+00 3.500000000000000000e+01 3.906250000000000000e+00 3.237035972695313790e-02 4.336939102564102200e+00
3.800000000000000000e+01 4.265795188015923320e-03 4.192523331118699903e-02 3.091361109788219250e-02 3.896233974358974450e+00 3.800000000000000000e+01 3.896233974358974450e+00 3.247994335236935315e-02 4.306891025641025550e+00
3.900000000000000000e+01 4.168693834703350934e-03 4.268828674386709182e-02 3.123734464856963225e-02 3.966346153846153744e+00 3.800000000000000000e+01 3.896233974358974450e+00 3.247994335236935315e-02 4.306891025641025550e+00
4.000000000000000000e+01 4.073802778041124215e-03 4.227687418460845947e-02 3.114765920700171206e-02 3.896233974358974450e+00 4.000000000000000000e+01 3.896233974358974450e+00 3.265379749063868076e-02 4.356971153846153300e+00
4.100000000000000000e+01 3.981071705534969078e-03 4.200932565025794485e-02 3.099017460137987873e-02 3.966346153846153744e+00 4.000000000000000000e+01 3.896233974358974450e+00 3.265379749063868076e-02 4.356971153846153300e+00
4.200000000000000000e+01 3.890451449942802700e-03 4.125401953187508158e-02 3.115083441400948172e-02 3.946314102564102200e+00 4.000000000000000000e+01 3.896233974358974450e+00 3.265379749063868076e-02 4.356971153846153300e+00
4.300000000000000000e+01 3.801893963205608788e-03 4.096076713922696538e-02 3.027034606127880154e-02 3.916266025641025550e+00 4.000000000000000000e+01 3.896233974358974450e+00 3.265379749063868076e-02 4.356971153846153300e+00
4.400000000000000000e+01 3.715352290971722302e-03 4.019057910698346781e-02 3.010171327369812883e-02 3.866185897435897800e+00 4.400000000000000000e+01 3.866185897435897800e+00 3.177016422537585344e-02 4.196714743589743613e+00
4.500000000000000000e+01 3.630780547701010531e-03 3.963818744971202290e-02 3.019926431648528586e-02 3.856169871794871806e+00 4.500000000000000000e+01 3.856169871794871806e+00 3.163571007630357895e-02 4.166666666666666075e+00
4.600000000000000000e+01 3.548133892335751920e-03 3.889732136844824273e-02 3.106954966027003148e-02 3.976362179487179294e+00 4.500000000000000000e+01 3.856169871794871806e+00 3.163571007630357895e-02 4.166666666666666075e+00
4.700000000000000000e+01 3.467368504525313640e-03 4.089881035570915035e-02 3.020012180189578233e-02 3.906250000000000000e+00 4.500000000000000000e+01 3.856169871794871806e+00 3.163571007630357895e-02 4.166666666666666075e+00
4.800000000000000000e+01 3.388441561392022561e-03 3.827715099144440164e-02 2.995584685301694652e-02 3.836137820512820706e+00 4.800000000000000000e+01 3.836137820512820706e+00 3.176833612348836655e-02 4.226762820512821150e+00
4.900000000000000000e+01 3.311311214825907873e-03 3.826916253624054048e-02 2.962801705311553929e-02 3.846153846153846256e+00 4.800000000000000000e+01 3.836137820512820706e+00 3.176833612348836655e-02 4.226762820512821150e+00
5.000000000000000000e+01 3.235936569296279409e-03 3.917312638786358409e-02 2.981048927773745361e-02 3.846153846153846256e+00 4.800000000000000000e+01 3.836137820512820706e+00 3.176833612348836655e-02 4.226762820512821150e+00
5.100000000000000000e+01 3.162277660168376359e-03 3.806015925529675908e-02 2.962013898650184274e-02 3.705929487179487225e+00 5.100000000000000000e+01 3.705929487179487225e+00 3.185190813868151588e-02 4.246794871794872250e+00
5.200000000000000000e+01 3.090295432513587726e-03 3.844348429582822302e-02 2.931967016625910624e-02 3.665865384615384581e+00 5.200000000000000000e+01 3.665865384615384581e+00 3.125325813986516016e-02 4.156650641025640525e+00
5.300000000000000000e+01 3.019951720402013536e-03 3.808059170842170715e-02 3.005332837048440425e-02 3.725961538461538325e+00 5.200000000000000000e+01 3.665865384615384581e+00 3.125325813986516016e-02 4.156650641025640525e+00
5.400000000000000000e+01 2.951209226666382923e-03 3.899561403653560576e-02 2.930277287034700057e-02 3.685897435897436125e+00 5.200000000000000000e+01 3.665865384615384581e+00 3.125325813986516016e-02 4.156650641025640525e+00
5.500000000000000000e+01 2.884031503126603321e-03 3.618926538202243276e-02 2.987832039033468806e-02 3.796073717948717618e+00 5.200000000000000000e+01 3.665865384615384581e+00 3.125325813986516016e-02 4.156650641025640525e+00
5.600000000000000000e+01 2.818382931264451323e-03 3.674650894334682838e-02 3.006974941579242805e-02 3.756009615384615419e+00 5.200000000000000000e+01 3.665865384615384581e+00 3.125325813986516016e-02 4.156650641025640525e+00
5.700000000000000000e+01 2.754228703338163810e-03 3.802729968745739014e-02 2.943002719145554683e-02 3.725961538461538325e+00 5.200000000000000000e+01 3.665865384615384581e+00 3.125325813986516016e-02 4.156650641025640525e+00
5.800000000000000000e+01 2.691534803926913088e-03 3.741804168870051933e-02 2.947343901719133921e-02 3.655849358974359031e+00 5.800000000000000000e+01 3.655849358974359031e+00 3.115901833837433910e-02 4.196714743589743613e+00
5.900000000000000000e+01 2.630267991895379135e-03 3.760052696825601920e-02 2.959056725898662199e-02 3.675881410256410575e+00 5.800000000000000000e+01 3.655849358974359031e+00 3.115901833837433910e-02 4.196714743589743613e+00
6.000000000000000000e+01 2.570395782768861073e-03 3.610069715441801413e-02 2.928460682055745654e-02 3.665865384615384581e+00 5.800000000000000000e+01 3.655849358974359031e+00 3.115901833837433910e-02 4.196714743589743613e+00
6.100000000000000000e+01 2.511886431509577269e-03 3.587213151443462839e-02 2.939738944256439432e-02 3.725961538461538325e+00 5.800000000000000000e+01 3.655849358974359031e+00 3.115901833837433910e-02 4.196714743589743613e+00
6.200000000000000000e+01 2.454708915685027693e-03 3.772852670114774237e-02 2.928527152219500759e-02 3.705929487179487225e+00 5.800000000000000000e+01 3.655849358974359031e+00 3.115901833837433910e-02 4.196714743589743613e+00
6.300000000000000000e+01 2.398832919019487728e-03 3.551206266125424976e-02 2.906338347104163097e-02 3.655849358974359031e+00 6.300000000000000000e+01 3.655849358974359031e+00 3.087775371983671191e-02 3.936298076923076650e+00
6.400000000000000000e+01 2.344228815319919501e-03 3.542918688020645079e-02 2.868498104493109879e-02 3.635817307692307931e+00 6.400000000000000000e+01 3.635817307692307931e+00 3.070613613202182943e-02 4.056490384615385025e+00
6.500000000000000000e+01 2.290867652767770643e-03 3.596521577296348665e-02 2.899228904667931414e-02 3.695913461538461675e+00 6.400000000000000000e+01 3.635817307692307931e+00 3.070613613202182943e-02 4.056490384615385025e+00
6.600000000000000000e+01 2.238721138568337300e-03 3.311494341454444823e-02 2.897235076913299776e-02 3.665865384615384581e+00 6.400000000000000000e+01 3.635817307692307931e+00 3.070613613202182943e-02 4.056490384615385025e+00
6.700000000000000000e+01 2.187761623949550319e-03 3.545493322114149498e-02 2.908684289417205748e-02 3.635817307692307931e+00 6.700000000000000000e+01 3.635817307692307931e+00 3.041805969648218519e-02 3.986378205128204844e+00
6.800000000000000000e+01 2.137962089502230042e-03 3.457762819165603047e-02 2.944963220178555691e-02 3.635817307692307931e+00 6.800000000000000000e+01 3.635817307692307931e+00 3.080637507231679187e-02 4.096554487179487225e+00
6.900000000000000000e+01 2.089296130854037276e-03 3.633439709217502200e-02 2.879563132927824565e-02 3.565705128205128194e+00 6.900000000000000000e+01 3.565705128205128194e+00 3.004610650569725788e-02 3.886217948717948900e+00
7.000000000000000000e+01 2.041737944669527131e-03 3.370096436582314947e-02 2.923470343618343389e-02 3.545673076923076650e+00 7.000000000000000000e+01 3.545673076923076650e+00 3.046823977862144622e-02 4.086538461538461675e+00
7.100000000000000000e+01 1.995262314968877619e-03 3.428658477675456534e-02 2.890601152037747951e-02 3.715945512820512775e+00 7.000000000000000000e+01 3.545673076923076650e+00 3.046823977862144622e-02 4.086538461538461675e+00
7.200000000000000000e+01 1.949844599758043416e-03 3.383509738323015742e-02 2.910195611035212501e-02 3.625801282051282382e+00 7.000000000000000000e+01 3.545673076923076650e+00 3.046823977862144622e-02 4.086538461538461675e+00
7.300000000000000000e+01 1.905460717963245376e-03 3.436409855165924870e-02 2.926491065106044329e-02 3.725961538461538325e+00 7.000000000000000000e+01 3.545673076923076650e+00 3.046823977862144622e-02 4.086538461538461675e+00
7.400000000000000000e+01 1.862087136662865603e-03 3.551300418061705683e-02 2.960132780031133823e-02 3.625801282051282382e+00 7.000000000000000000e+01 3.545673076923076650e+00 3.046823977862144622e-02 4.086538461538461675e+00
7.500000000000000000e+01 1.819700858609981558e-03 3.367901778517243261e-02 2.966585690722776947e-02 3.655849358974359031e+00 7.000000000000000000e+01 3.545673076923076650e+00 3.046823977862144622e-02 4.086538461538461675e+00
7.600000000000000000e+01 1.778279410038921017e-03 3.341264050835982685e-02 2.937344263325660301e-02 3.605769230769230393e+00 7.000000000000000000e+01 3.545673076923076650e+00 3.046823977862144622e-02 4.086538461538461675e+00
7.700000000000000000e+01 1.737800828749373663e-03 3.579468917674743372e-02 2.954913143632718550e-02 3.705929487179487225e+00 7.000000000000000000e+01 3.545673076923076650e+00 3.046823977862144622e-02 4.086538461538461675e+00
7.800000000000000000e+01 1.698243652461742508e-03 3.436054869626577191e-02 2.873660020458583542e-02 3.595753205128204844e+00 7.000000000000000000e+01 3.545673076923076650e+00 3.046823977862144622e-02 4.086538461538461675e+00
7.900000000000000000e+01 1.659586907437558909e-03 3.409971881848879172e-02 2.902837180628035224e-02 3.655849358974359031e+00 7.000000000000000000e+01 3.545673076923076650e+00 3.046823977862144622e-02 4.086538461538461675e+00
8.000000000000000000e+01 1.621810097358928216e-03 3.483282617078377330e-02 2.914779278664634751e-02 3.595753205128204844e+00 7.000000000000000000e+01 3.545673076923076650e+00 3.046823977862144622e-02 4.086538461538461675e+00
8.100000000000000000e+01 1.584893192461111697e-03 3.307480411604046822e-02 2.928449649614496900e-02 3.625801282051282382e+00 7.000000000000000000e+01 3.545673076923076650e+00 3.046823977862144622e-02 4.086538461538461675e+00
8.200000000000000000e+01 1.548816618912479594e-03 3.322467995950809105e-02 2.906351660315592209e-02 3.545673076923076650e+00 8.200000000000000000e+01 3.545673076923076650e+00 3.036687608572463323e-02 3.936298076923076650e+00
8.300000000000000000e+01 1.513561248436206359e-03 3.387852079975299524e-02 2.905439197545488933e-02 3.605769230769230393e+00 8.200000000000000000e+01 3.545673076923076650e+00 3.036687608572463323e-02 3.936298076923076650e+00
8.400000000000000000e+01 1.479108388168205723e-03 3.182701045312942567e-02 2.895666529478218773e-02 3.635817307692307931e+00 8.200000000000000000e+01 3.545673076923076650e+00 3.036687608572463323e-02 3.936298076923076650e+00
8.500000000000000000e+01 1.445439770745925818e-03 3.308080623929317288e-02 2.953196806200326235e-02 3.625801282051282382e+00 8.200000000000000000e+01 3.545673076923076650e+00 3.036687608572463323e-02 3.936298076923076650e+00
8.600000000000000000e+01 1.412537544622752663e-03 3.343830734061507132e-02 2.938932902925910431e-02 3.585737179487179294e+00 8.200000000000000000e+01 3.545673076923076650e+00 3.036687608572463323e-02 3.936298076923076650e+00
8.700000000000000000e+01 1.380384264602883132e-03 3.203040326778323205e-02 2.870977567867017549e-02 3.545673076923076650e+00 8.700000000000000000e+01 3.545673076923076650e+00 3.028750499465670057e-02 3.916266025641025550e+00
8.800000000000000000e+01 1.348962882591651881e-03 3.356121977170308662e-02 2.939371167508980642e-02 3.595753205128204844e+00 8.700000000000000000e+01 3.545673076923076650e+00 3.028750499465670057e-02 3.916266025641025550e+00
8.900000000000000000e+01 1.318256738556405341e-03 3.253419361769770840e-02 2.883445748907084022e-02 3.545673076923076650e+00 8.900000000000000000e+01 3.545673076923076650e+00 3.034409204011376954e-02 3.826121794871795156e+00
9.000000000000000000e+01 1.288249551693132142e-03 3.147589273225420703e-02 2.865561740084861600e-02 3.505608974358974450e+00 9.000000000000000000e+01 3.505608974358974450e+00 3.018943903831920392e-02 3.846153846153846256e+00
9.100000000000000000e+01 1.258925411794165321e-03 3.214148601564841695e-02 2.873762376316918443e-02 3.425480769230769607e+00 9.100000000000000000e+01 3.425480769230769607e+00 3.025422378320796052e-02 3.856169871794871806e+00
9.200000000000000000e+01 1.230268770812379710e-03 3.332266775079262278e-02 2.906967116704879325e-02 3.545673076923076650e+00 9.100000000000000000e+01 3.425480769230769607e+00 3.025422378320796052e-02 3.856169871794871806e+00
9.300000000000000000e+01 1.202264434617411051e-03 3.302089977436340612e-02 2.866007884194214650e-02 3.495592948717948900e+00 9.100000000000000000e+01 3.425480769230769607e+00 3.025422378320796052e-02 3.856169871794871806e+00
9.400000000000000000e+01 1.174897554939527758e-03 3.242591074787271044e-02 2.839091959639261295e-02 3.525641025641025550e+00 9.100000000000000000e+01 3.425480769230769607e+00 3.025422378320796052e-02 3.856169871794871806e+00
9.500000000000000000e+01 1.148153621496880933e-03 3.185681057855104664e-02 2.884190304515262329e-02 3.505608974358974450e+00 9.100000000000000000e+01 3.425480769230769607e+00 3.025422378320796052e-02 3.856169871794871806e+00
9.600000000000000000e+01 1.122018454301961735e-03 3.149785473942756653e-02 2.864707725343461700e-02 3.515625000000000000e+00 9.100000000000000000e+01 3.425480769230769607e+00 3.025422378320796052e-02 3.856169871794871806e+00
9.700000000000000000e+01 1.096478196143183415e-03 3.161343195451758042e-02 2.979293331736698747e-02 3.605769230769230393e+00 9.100000000000000000e+01 3.425480769230769607e+00 3.025422378320796052e-02 3.856169871794871806e+00
9.800000000000000000e+01 1.071519305237604884e-03 3.071626476370371145e-02 2.908036645161560935e-02 3.565705128205128194e+00 9.100000000000000000e+01 3.425480769230769607e+00 3.025422378320796052e-02 3.856169871794871806e+00
9.900000000000000000e+01 1.047128548050898101e-03 3.164882284517471500e-02 2.853061625501140952e-02 3.395432692307692069e+00 9.900000000000000000e+01 3.395432692307692069e+00 2.994473900598211211e-02 3.856169871794871806e+00
1.000000000000000000e+02 1.023292992280752656e-03 3.185322084344732740e-02 2.906380803697408352e-02 3.465544871794871806e+00 9.900000000000000000e+01 3.395432692307692069e+00 2.994473900598211211e-02 3.856169871794871806e+00
1.010000000000000000e+02 9.999999999999985029e-04 3.119595142272420588e-02 2.911602366993275293e-02 3.555689102564102200e+00 9.900000000000000000e+01 3.395432692307692069e+00 2.994473900598211211e-02 3.856169871794871806e+00
1.020000000000000000e+02 9.772372209558091456e-04 3.140309870911714429e-02 2.904369136115583783e-02 3.515625000000000000e+00 9.900000000000000000e+01 3.395432692307692069e+00 2.994473900598211211e-02 3.856169871794871806e+00
1.030000000000000000e+02 9.549925860214343891e-04 3.088093033203711743e-02 2.883363476781269918e-02 3.455528846153846256e+00 9.900000000000000000e+01 3.395432692307692069e+00 2.994473900598211211e-02 3.856169871794871806e+00
1.040000000000000000e+02 9.332543007969895362e-04 3.213442508608867210e-02 2.876842173804433633e-02 3.515625000000000000e+00 9.900000000000000000e+01 3.395432692307692069e+00 2.994473900598211211e-02 3.856169871794871806e+00
1.050000000000000000e+02 9.120108393559082276e-04 3.109170686310300594e-02 2.854438625479069347e-02 3.405448717948717618e+00 9.900000000000000000e+01 3.395432692307692069e+00 2.994473900598211211e-02 3.856169871794871806e+00
1.060000000000000000e+02 8.912509381337440891e-04 3.187045481247015311e-02 2.846972740073210745e-02 3.475560897435897800e+00 9.900000000000000000e+01 3.395432692307692069e+00 2.994473900598211211e-02 3.856169871794871806e+00
1.070000000000000000e+02 8.709635899560792035e-04 3.266797445189112414e-02 2.862358637652598695e-02 3.475560897435897800e+00 9.900000000000000000e+01 3.395432692307692069e+00 2.994473900598211211e-02 3.856169871794871806e+00
1.080000000000000000e+02 8.511380382023750555e-04 3.047804945172407839e-02 2.885715928277932107e-02 3.485576923076923350e+00 9.900000000000000000e+01 3.395432692307692069e+00 2.994473900598211211e-02 3.856169871794871806e+00
1.090000000000000000e+02 8.317637711026695758e-04 3.157664162035171695e-02 2.867593568487045164e-02 3.475560897435897800e+00 9.900000000000000000e+01 3.395432692307692069e+00 2.994473900598211211e-02 3.856169871794871806e+00
1.100000000000000000e+02 8.128305161640978545e-04 3.071416162240963796e-02 2.918126138721186674e-02 3.575721153846153744e+00 9.900000000000000000e+01 3.395432692307692069e+00 2.994473900598211211e-02 3.856169871794871806e+00
1.110000000000000000e+02 7.943282347242801213e-04 3.088925468424956119e-02 2.829244453086851921e-02 3.405448717948717618e+00 9.900000000000000000e+01 3.395432692307692069e+00 2.994473900598211211e-02 3.856169871794871806e+00
1.120000000000000000e+02 7.762471166286904123e-04 3.187102336102189126e-02 2.841772931069732819e-02 3.475560897435897800e+00 9.900000000000000000e+01 3.395432692307692069e+00 2.994473900598211211e-02 3.856169871794871806e+00
1.130000000000000000e+02 7.585775750291824443e-04 3.248266687091344584e-02 2.847506955731660128e-02 3.425480769230769607e+00 9.900000000000000000e+01 3.395432692307692069e+00 2.994473900598211211e-02 3.856169871794871806e+00
1.140000000000000000e+02 7.413102413009162216e-04 3.245621617549122873e-02 2.931332976694624864e-02 3.545673076923076650e+00 9.900000000000000000e+01 3.395432692307692069e+00 2.994473900598211211e-02 3.856169871794871806e+00
1.150000000000000000e+02 7.244359600749887464e-04 3.150127345743852086e-02 2.850453509390951309e-02 3.405448717948717618e+00 9.900000000000000000e+01 3.395432692307692069e+00 2.994473900598211211e-02 3.856169871794871806e+00
1.160000000000000000e+02 7.079457843841366078e-04 3.149967674070443951e-02 2.883929237633800144e-02 3.445512820512820706e+00 9.900000000000000000e+01 3.395432692307692069e+00 2.994473900598211211e-02 3.856169871794871806e+00
1.170000000000000000e+02 6.918309709189352516e-04 3.068587421558988462e-02 2.845451592330414808e-02 3.385416666666666519e+00 1.170000000000000000e+02 3.385416666666666519e+00 2.942938225243825826e-02 3.866185897435897800e+00
1.180000000000000000e+02 6.760829753919805592e-04 2.995008347221674028e-02 2.858331368248073767e-02 3.455528846153846256e+00 1.170000000000000000e+02 3.385416666666666519e+00 2.942938225243825826e-02 3.866185897435897800e+00
1.190000000000000000e+02 6.606934480075948466e-04 3.041267373527471729e-02 2.845027123037606118e-02 3.375400641025640969e+00 1.190000000000000000e+02 3.375400641025640969e+00 2.935952906875918811e-02 3.756009615384615419e+00
1.200000000000000000e+02 6.456542290346543693e-04 3.153746009159546365e-02 2.837445874823830289e-02 3.455528846153846256e+00 1.190000000000000000e+02 3.375400641025640969e+00 2.935952906875918811e-02 3.756009615384615419e+00
1.210000000000000000e+02 6.309573444801921168e-04 2.994554411046779913e-02 2.874214796555371945e-02 3.455528846153846256e+00 1.190000000000000000e+02 3.375400641025640969e+00 2.935952906875918811e-02 3.756009615384615419e+00
1.220000000000000000e+02 6.165950018614810768e-04 2.904168450727294751e-02 2.906316365801896520e-02 3.505608974358974450e+00 1.190000000000000000e+02 3.375400641025640969e+00 2.935952906875918811e-02 3.756009615384615419e+00
1.230000000000000000e+02 6.025595860743567043e-04 3.165756878801263136e-02 2.859959875991663347e-02 3.425480769230769607e+00 1.190000000000000000e+02 3.375400641025640969e+00 2.935952906875918811e-02 3.756009615384615419e+00
1.240000000000000000e+02 5.888436553555879667e-04 3.076681284568248687e-02 2.921497390101042771e-02 3.555689102564102200e+00 1.190000000000000000e+02 3.375400641025640969e+00 2.935952906875918811e-02 3.756009615384615419e+00
1.250000000000000000e+02 5.754399373371559901e-04 2.998629620728584383e-02 2.896681883617137007e-02 3.465544871794871806e+00 1.190000000000000000e+02 3.375400641025640969e+00 2.935952906875918811e-02 3.756009615384615419e+00
1.260000000000000000e+02 5.623413251903481213e-04 3.073522761368598782e-02 2.878384502419533211e-02 3.495592948717948900e+00 1.190000000000000000e+02 3.375400641025640969e+00 2.935952906875918811e-02 3.756009615384615419e+00
1.270000000000000000e+02 5.495408738576235781e-04 3.224858856545044505e-02 2.838051076963520047e-02 3.465544871794871806e+00 1.190000000000000000e+02 3.375400641025640969e+00 2.935952906875918811e-02 3.756009615384615419e+00
1.280000000000000000e+02 5.370317963702517412e-04 2.869571916138132298e-02 2.866387188521166141e-02 3.555689102564102200e+00 1.190000000000000000e+02 3.375400641025640969e+00 2.935952906875918811e-02 3.756009615384615419e+00
1.290000000000000000e+02 5.248074602497716356e-04 3.120374752399631205e-02 2.828187629870043684e-02 3.435496794871795156e+00 1.190000000000000000e+02 3.375400641025640969e+00 2.935952906875918811e-02 3.756009615384615419e+00
1.300000000000000000e+02 5.128613839913638605e-04 3.068473654536482687e-02 2.852918923636958010e-02 3.475560897435897800e+00 1.190000000000000000e+02 3.375400641025640969e+00 2.935952906875918811e-02 3.756009615384615419e+00
1.310000000000000000e+02 5.011872336272713349e-04 2.983371017930599306e-02 2.874023626701762910e-02 3.465544871794871806e+00 1.190000000000000000e+02 3.375400641025640969e+00 2.935952906875918811e-02 3.756009615384615419e+00
1.320000000000000000e+02 4.897788193684452299e-04 2.983507549820037935e-02 2.878746273852765200e-02 3.495592948717948900e+00 1.190000000000000000e+02 3.375400641025640969e+00 2.935952906875918811e-02 3.756009615384615419e+00
1.330000000000000000e+02 4.786300923226373990e-04 2.810290399700021008e-02 2.905849627598236506e-02 3.555689102564102200e+00 1.190000000000000000e+02 3.375400641025640969e+00 2.935952906875918811e-02 3.756009615384615419e+00
1.340000000000000000e+02 4.677351412871972669e-04 2.877730395024021351e-02 2.854679253785154594e-02 3.475560897435897800e+00 1.190000000000000000e+02 3.375400641025640969e+00 2.935952906875918811e-02 3.756009615384615419e+00
1.350000000000000000e+02 4.570881896148741206e-04 2.904524718626187371e-02 2.855544475068409749e-02 3.495592948717948900e+00 1.190000000000000000e+02 3.375400641025640969e+00 2.935952906875918811e-02 3.756009615384615419e+00
1.360000000000000000e+02 4.466835921509622353e-04 3.020076839348826564e-02 2.886537950969516111e-02 3.515625000000000000e+00 1.190000000000000000e+02 3.375400641025640969e+00 2.935952906875918811e-02 3.756009615384615419e+00
1.370000000000000000e+02 4.365158322401650791e-04 2.969327050810441002e-02 2.854391460109931972e-02 3.415464743589743168e+00 1.190000000000000000e+02 3.375400641025640969e+00 2.935952906875918811e-02 3.756009615384615419e+00
1.380000000000000000e+02 4.265795188015918116e-04 3.076400868117045231e-02 2.873887057947472484e-02 3.405448717948717618e+00 1.190000000000000000e+02 3.375400641025640969e+00 2.935952906875918811e-02 3.756009615384615419e+00
1.390000000000000000e+02 4.168693834703345838e-04 3.015013552533510333e-02 2.875814152559122081e-02 3.475560897435897800e+00 1.190000000000000000e+02 3.375400641025640969e+00 2.935952906875918811e-02 3.756009615384615419e+00
1.400000000000000000e+02 4.073802778041119010e-04 3.164424119182886186e-02 2.924700926852006472e-02 3.615785256410256832e+00 1.190000000000000000e+02 3.375400641025640969e+00 2.935952906875918811e-02 3.756009615384615419e+00
1.410000000000000000e+02 3.981071705534964308e-04 3.027636114842234549e-02 2.905974512209351726e-02 3.535657051282051100e+00 1.190000000000000000e+02 3.375400641025640969e+00 2.935952906875918811e-02 3.756009615384615419e+00
1.420000000000000000e+02 3.890451449942797929e-04 3.058748385415245227e-02 2.789040532363101094e-02 3.335336538461538325e+00 1.420000000000000000e+02 3.335336538461538325e+00 2.899407012461242827e-02 3.725961538461538325e+00
1.430000000000000000e+02 3.801893963205604235e-04 2.938495716080069542e-02 2.837457148752246805e-02 3.385416666666666519e+00 1.420000000000000000e+02 3.335336538461538325e+00 2.899407012461242827e-02 3.725961538461538325e+00
1.440000000000000000e+02 3.715352290971717748e-04 3.064644429832696915e-02 2.820518116305510692e-02 3.385416666666666519e+00 1.420000000000000000e+02 3.335336538461538325e+00 2.899407012461242827e-02 3.725961538461538325e+00
1.450000000000000000e+02 3.630780547701005869e-04 2.932203490621386466e-02 2.850992338305028892e-02 3.435496794871795156e+00 1.420000000000000000e+02 3.335336538461538325e+00 2.899407012461242827e-02 3.725961538461538325e+00
1.460000000000000000e+02 3.548133892335747258e-04 2.974794867138067997e-02 2.881065070575389644e-02 3.485576923076923350e+00 1.420000000000000000e+02 3.335336538461538325e+00 2.899407012461242827e-02 3.725961538461538325e+00
1.470000000000000000e+02 3.467368504525309304e-04 2.929676135476583232e-02 2.856737560479161511e-02 3.455528846153846256e+00 1.420000000000000000e+02 3.335336538461538325e+00 2.899407012461242827e-02 3.725961538461538325e+00
1.480000000000000000e+02 3.388441561392018658e-04 2.971719644772700605e-02 2.870883730550606930e-02 3.515625000000000000e+00 1.420000000000000000e+02 3.335336538461538325e+00 2.899407012461242827e-02 3.725961538461538325e+00
1.490000000000000000e+02 3.311311214825904512e-04 2.897873372794726107e-02 2.898315908476853733e-02 3.475560897435897800e+00 1.420000000000000000e+02 3.335336538461538325e+00 2.899407012461242827e-02 3.725961538461538325e+00
1.500000000000000000e+02 3.235936569296276157e-04 2.952837325537051999e-02 2.866549913634140051e-02 3.495592948717948900e+00 1.420000000000000000e+02 3.335336538461538325e+00 2.899407012461242827e-02 3.725961538461538325e+00
1.510000000000000000e+02 3.162277660168372889e-04 2.921881317758025232e-02 2.825417404080956055e-02 3.435496794871795156e+00 1.420000000000000000e+02 3.335336538461538325e+00 2.899407012461242827e-02 3.725961538461538325e+00
1.520000000000000000e+02 3.090295432513583932e-04 2.934733163326596478e-02 2.845603064111529301e-02 3.415464743589743168e+00 1.420000000000000000e+02 3.335336538461538325e+00 2.899407012461242827e-02 3.725961538461538325e+00
1.530000000000000000e+02 3.019951720402009850e-04 2.926383852863159024e-02 2.861717324748706825e-02 3.465544871794871806e+00 1.420000000000000000e+02 3.335336538461538325e+00 2.899407012461242827e-02 3.725961538461538325e+00
1.540000000000000000e+02 2.951209226666379236e-04 2.832773172607024395e-02 2.913161343671023112e-02 3.525641025641025550e+00 1.420000000000000000e+02 3.335336538461538325e+00 2.899407012461242827e-02 3.725961538461538325e+00
1.550000000000000000e+02 2.884031503126599527e-04 2.883380025816269579e-02 2.854469061966460192e-02 3.475560897435897800e+00 1.420000000000000000e+02 3.335336538461538325e+00 2.899407012461242827e-02 3.725961538461538325e+00
1.560000000000000000e+02 2.818382931264447420e-04 2.960300351230379934e-02 2.822676249585735417e-02 3.395432692307692069e+00 1.420000000000000000e+02 3.335336538461538325e+00 2.899407012461242827e-02 3.725961538461538325e+00
1.570000000000000000e+02 2.754228703338160232e-04 2.886281829948226726e-02 2.835186858264466744e-02 3.355368589743589425e+00 1.420000000000000000e+02 3.335336538461538325e+00 2.899407012461242827e-02 3.725961538461538325e+00
1.580000000000000000e+02 2.691534803926909619e-04 2.901332185436517747e-02 2.836093276915235828e-02 3.385416666666666519e+00 1.420000000000000000e+02 3.335336538461538325e+00 2.899407012461242827e-02 3.725961538461538325e+00
1.590000000000000000e+02 2.630267991895375991e-04 2.868640361926876742e-02 2.857915293395471568e-02 3.475560897435897800e+00 1.420000000000000000e+02 3.335336538461538325e+00 2.899407012461242827e-02 3.725961538461538325e+00
1.600000000000000000e+02 2.570395782768857711e-04 3.066097691846199694e-02 2.818975860748487716e-02 3.365384615384615419e+00 1.420000000000000000e+02 3.335336538461538325e+00 2.899407012461242827e-02 3.725961538461538325e+00
1.610000000000000000e+02 2.511886431509574124e-04 3.048913734845625986e-02 2.828038740718068558e-02 3.315304487179487225e+00 1.610000000000000000e+02 3.315304487179487225e+00 2.936362804627069834e-02 3.766025641025640969e+00
1.620000000000000000e+02 2.454708915685024223e-04 2.886634809562028947e-02 2.819619118086754903e-02 3.415464743589743168e+00 1.610000000000000000e+02 3.315304487179487225e+00 2.936362804627069834e-02 3.766025641025640969e+00
1.630000000000000000e+02 2.398832919019484476e-04 3.068185351693477475e-02 2.849812636328025173e-02 3.455528846153846256e+00 1.610000000000000000e+02 3.315304487179487225e+00 2.936362804627069834e-02 3.766025641025640969e+00
1.640000000000000000e+02 2.344228815319916357e-04 2.932034990487572546e-02 2.885147956877540804e-02 3.515625000000000000e+00 1.610000000000000000e+02 3.315304487179487225e+00 2.936362804627069834e-02 3.766025641025640969e+00
1.650000000000000000e+02 2.290867652767767445e-04 2.927018674568105869e-02 2.879654980736235520e-02 3.455528846153846256e+00 1.610000000000000000e+02 3.315304487179487225e+00 2.936362804627069834e-02 3.766025641025640969e+00
1.660000000000000000e+02 2.238721138568333993e-04 2.877516076207543155e-02 2.833056166165102280e-02 3.375400641025640969e+00 1.610000000000000000e+02 3.315304487179487225e+00 2.936362804627069834e-02 3.766025641025640969e+00
1.670000000000000000e+02 2.187761623949546958e-04 2.968612343120651323e-02 2.847897776444323001e-02 3.505608974358974450e+00 1.610000000000000000e+02 3.315304487179487225e+00 2.936362804627069834e-02 3.766025641025640969e+00
1.680000000000000000e+02 2.137962089502226681e-04 2.956667118586408724e-02 2.841323133459529651e-02 3.385416666666666519e+00 1.610000000000000000e+02 3.315304487179487225e+00 2.936362804627069834e-02 3.766025641025640969e+00
1.690000000000000000e+02 2.089296130854034132e-04 2.978661374594920863e-02 2.842711781014282263e-02 3.435496794871795156e+00 1.610000000000000000e+02 3.315304487179487225e+00 2.936362804627069834e-02 3.766025641025640969e+00
1.700000000000000000e+02 2.041737944669524149e-04 2.939365968967859455e-02 2.873518329579383135e-02 3.505608974358974450e+00 1.610000000000000000e+02 3.315304487179487225e+00 2.936362804627069834e-02 3.766025641025640969e+00
1.710000000000000000e+02 1.995262314968874421e-04 2.916848396834654730e-02 2.867454030246545382e-02 3.415464743589743168e+00 1.610000000000000000e+02 3.315304487179487225e+00 2.936362804627069834e-02 3.766025641025640969e+00
1.720000000000000000e+02 1.949844599758040163e-04 2.905799892659370609e-02 2.829000681940203529e-02 3.425480769230769607e+00 1.610000000000000000e+02 3.315304487179487225e+00 2.936362804627069834e-02 3.766025641025640969e+00
1.730000000000000000e+02 1.905460717963242177e-04 2.884221671578975771e-02 2.839932551171678310e-02 3.425480769230769607e+00 1.610000000000000000e+02 3.315304487179487225e+00 2.936362804627069834e-02 3.766025641025640969e+00
1.740000000000000000e+02 1.862087136662862405e-04 3.002034949186520654e-02 2.798533924774696674e-02 3.315304487179487225e+00 1.740000000000000000e+02 3.315304487179487225e+00 2.922718625557489333e-02 3.695913461538461675e+00
1.750000000000000000e+02 1.819700858609978576e-04 3.030975819684756170e-02 2.889168801424929489e-02 3.505608974358974450e+00 1.740000000000000000e+02 3.315304487179487225e+00 2.922718625557489333e-02 3.695913461538461675e+00
1.760000000000000000e+02 1.778279410038918090e-04 2.913538601774817716e-02 2.830801767115003614e-02 3.425480769230769607e+00 1.740000000000000000e+02 3.315304487179487225e+00 2.922718625557489333e-02 3.695913461538461675e+00
1.770000000000000000e+02 1.737800828749370898e-04 2.903100525817045932e-02 2.820346750787650417e-02 3.435496794871795156e+00 1.740000000000000000e+02 3.315304487179487225e+00 2.922718625557489333e-02 3.695913461538461675e+00
1.780000000000000000e+02 1.698243652461739960e-04 2.904350527872641766e-02 2.817256994790230326e-02 3.395432692307692069e+00 1.740000000000000000e+02 3.315304487179487225e+00 2.922718625557489333e-02 3.695913461538461675e+00
1.790000000000000000e+02 1.659586907437556361e-04 3.055725413828324147e-02 2.857156020950358741e-02 3.465544871794871806e+00 1.740000000000000000e+02 3.315304487179487225e+00 2.922718625557489333e-02 3.695913461538461675e+00
1.800000000000000000e+02 1.621810097358925777e-04 2.925401643061866994e-02 2.863030371820339190e-02 3.515625000000000000e+00 1.740000000000000000e+02 3.315304487179487225e+00 2.922718625557489333e-02 3.695913461538461675e+00
1.810000000000000000e+02 1.584893192461109311e-04 2.835248168319081524e-02 2.879719748549784339e-02 3.425480769230769607e+00 1.740000000000000000e+02 3.315304487179487225e+00 2.922718625557489333e-02 3.695913461538461675e+00
1.820000000000000000e+02 1.548816618912477263e-04 2.953968121885107087e-02 2.857637212713225183e-02 3.465544871794871806e+00 1.740000000000000000e+02 3.315304487179487225e+00 2.922718625557489333e-02 3.695913461538461675e+00
1.830000000000000000e+02 1.513561248436204191e-04 2.864876683228290838e-02 2.820815892669205002e-02 3.365384615384615419e+00 1.740000000000000000e+02 3.315304487179487225e+00 2.922718625557489333e-02 3.695913461538461675e+00
1.840000000000000000e+02 1.479108388168203501e-04 3.069365234711231294e-02 2.871516687744774671e-02 3.515625000000000000e+00 1.740000000000000000e+02 3.315304487179487225e+00 2.922718625557489333e-02 3.695913461538461675e+00
1.850000000000000000e+02 1.445439770745923650e-04 2.877580934466841822e-02 2.845830979939096422e-02 3.485576923076923350e+00 1.740000000000000000e+02 3.315304487179487225e+00 2.922718625557489333e-02 3.695913461538461675e+00
1.860000000000000000e+02 1.412537544622750549e-04 3.014310814726811269e-02 2.915152808567747847e-02 3.555689102564102200e+00 1.740000000000000000e+02 3.315304487179487225e+00 2.922718625557489333e-02 3.695913461538461675e+00
1.870000000000000000e+02 1.380384264602881126e-04 2.845593941851686307e-02 2.855025921524382768e-02 3.465544871794871806e+00 1.740000000000000000e+02 3.315304487179487225e+00 2.922718625557489333e-02 3.695913461538461675e+00
1.880000000000000000e+02 1.348962882591650092e-04 2.904766728767217698e-02 2.861604360021794205e-02 3.465544871794871806e+00 1.740000000000000000e+02 3.315304487179487225e+00 2.922718625557489333e-02 3.695913461538461675e+00
1.890000000000000000e+02 1.318256738556403606e-04 2.904129760244335973e-02 2.845095005632640797e-02 3.445512820512820706e+00 1.740000000000000000e+02 3.315304487179487225e+00 2.922718625557489333e-02 3.695913461538461675e+00
1.900000000000000000e+02 1.288249551693130407e-04 2.918592853567156947e-02 2.803092781164778780e-02 3.355368589743589425e+00 1.740000000000000000e+02 3.315304487179487225e+00 2.922718625557489333e-02 3.695913461538461675e+00
1.910000000000000000e+02 1.258925411794163641e-04 2.926545402703759069e-02 2.849009484261608507e-02 3.385416666666666519e+00 1.740000000000000000e+02 3.315304487179487225e+00 2.922718625557489333e-02 3.695913461538461675e+00
1.920000000000000000e+02 1.230268770812378083e-04 2.854950242460920287e-02 2.835070304139756039e-02 3.325320512820512775e+00 1.740000000000000000e+02 3.315304487179487225e+00 2.922718625557489333e-02 3.695913461538461675e+00
1.930000000000000000e+02 1.202264434617409452e-04 2.868736239197926599e-02 2.869795182292970634e-02 3.475560897435897800e+00 1.740000000000000000e+02 3.315304487179487225e+00 2.922718625557489333e-02 3.695913461538461675e+00
1.940000000000000000e+02 1.174897554939526213e-04 2.760906759888315937e-02 2.895031624864667294e-02 3.465544871794871806e+00 1.740000000000000000e+02 3.315304487179487225e+00 2.922718625557489333e-02 3.695913461538461675e+00
1.950000000000000000e+02 1.148153621496879551e-04 2.833089712434089941e-02 2.879723362051523489e-02 3.395432692307692069e+00 1.740000000000000000e+02 3.315304487179487225e+00 2.922718625557489333e-02 3.695913461538461675e+00
1.960000000000000000e+02 1.122018454301960299e-04 2.900749982263033100e-02 2.893021827539763238e-02 3.515625000000000000e+00 1.740000000000000000e+02 3.315304487179487225e+00 2.922718625557489333e-02 3.695913461538461675e+00
1.970000000000000000e+02 1.096478196143181897e-04 3.056617027435165265e-02 2.813675499204785005e-02 3.425480769230769607e+00 1.740000000000000000e+02 3.315304487179487225e+00 2.922718625557489333e-02 3.695913461538461675e+00
1.980000000000000000e+02 1.071519305237603312e-04 2.865298669068859147e-02 2.834631112860874075e-02 3.485576923076923350e+00 1.740000000000000000e+02 3.315304487179487225e+00 2.922718625557489333e-02 3.695913461538461675e+00
1.990000000000000000e+02 1.047128548050896502e-04 2.761031000707776101e-02 2.877172050872244674e-02 3.465544871794871806e+00 1.740000000000000000e+02 3.315304487179487225e+00 2.922718625557489333e-02 3.695913461538461675e+00
2.000000000000000000e+02 1.023292992280751138e-04 2.905917798097316929e-02 2.795053777980427076e-02 3.345352564102563875e+00 1.740000000000000000e+02 3.315304487179487225e+00 2.922718625557489333e-02 3.695913461538461675e+00
2.010000000000000000e+02 9.999999999999970664e-05 2.931163566282544292e-02 2.824413366929198060e-02 3.385416666666666519e+00 1.740000000000000000e+02 3.315304487179487225e+00 2.922718625557489333e-02 3.695913461538461675e+00
2.020000000000000000e+02 9.772372209558078445e-05 2.995558256187882268e-02 2.897339197060761970e-02 3.425480769230769607e+00 1.740000000000000000e+02 3.315304487179487225e+00 2.922718625557489333e-02 3.695913461538461675e+00
2.030000000000000000e+02 9.549925860214332235e-05 2.846266993154317887e-02 2.840861202760909879e-02 3.455528846153846256e+00 1.740000000000000000e+02 3.315304487179487225e+00 2.922718625557489333e-02 3.695913461538461675e+00
2.040000000000000000e+02 9.332543007969884249e-05 2.963760042658600963e-02 2.843832614300294964e-02 3.325320512820512775e+00 1.740000000000000000e+02 3.315304487179487225e+00 2.922718625557489333e-02 3.695913461538461675e+00
2.050000000000000000e+02 9.120108393559071976e-05 2.868350201214735218e-02 2.891506174674782909e-02 3.445512820512820706e+00 1.740000000000000000e+02 3.315304487179487225e+00 2.922718625557489333e-02 3.695913461538461675e+00
2.060000000000000000e+02 8.912509381337430320e-05 2.929422203212594250e-02 2.859379876724396641e-02 3.375400641025640969e+00 1.740000000000000000e+02 3.315304487179487225e+00 2.922718625557489333e-02 3.695913461538461675e+00
2.070000000000000000e+02 8.709635899560781193e-05 2.830699144695431740e-02 2.814733314265210548e-02 3.425480769230769607e+00 1.740000000000000000e+02 3.315304487179487225e+00 2.922718625557489333e-02 3.695913461538461675e+00
2.080000000000000000e+02 8.511380382023740526e-05 2.868759960461503278e-02 2.861567642554664614e-02 3.495592948717948900e+00 1.740000000000000000e+02 3.315304487179487225e+00 2.922718625557489333e-02 3.695913461538461675e+00
2.090000000000000000e+02 8.317637711026686000e-05 2.868752103919784344e-02 2.874550040518769611e-02 3.445512820512820706e+00 1.740000000000000000e+02 3.315304487179487225e+00 2.922718625557489333e-02 3.695913461538461675e+00
2.100000000000000000e+02 8.128305161640968788e-05 2.886934989155867312e-02 2.868653554320096596e-02 3.415464743589743168e+00 1.740000000000000000e+02 3.315304487179487225e+00 2.922718625557489333e-02 3.695913461538461675e+00
2.110000000000000000e+02 7.943282347242792269e-05 2.922952006785915421e-02 2.829182086637816590e-02 3.495592948717948900e+00 1.740000000000000000e+02 3.315304487179487225e+00 2.922718625557489333e-02 3.695913461538461675e+00
2.120000000000000000e+02 7.762471166286894907e-05 2.896903591373791928e-02 2.854802292616416895e-02 3.425480769230769607e+00 1.740000000000000000e+02 3.315304487179487225e+00 2.922718625557489333e-02 3.695913461538461675e+00
2.130000000000000000e+02 7.585775750291815498e-05 2.771846942890148977e-02 2.837817728719435259e-02 3.435496794871795156e+00 1.740000000000000000e+02 3.315304487179487225e+00 2.922718625557489333e-02 3.695913461538461675e+00
2.140000000000000000e+02 7.413102413009153271e-05 2.932538599587785830e-02 2.835145233891522148e-02 3.385416666666666519e+00 1.740000000000000000e+02 3.315304487179487225e+00 2.922718625557489333e-02 3.695913461538461675e+00
2.150000000000000000e+02 7.244359600749879062e-05 2.944934752602607758e-02 2.834754742350644244e-02 3.425480769230769607e+00 1.740000000000000000e+02 3.315304487179487225e+00 2.922718625557489333e-02 3.695913461538461675e+00
2.160000000000000000e+02 7.079457843841358217e-05 2.819252750860192988e-02 2.873869959820205336e-02 3.405448717948717618e+00 1.740000000000000000e+02 3.315304487179487225e+00 2.922718625557489333e-02 3.695913461538461675e+00
2.170000000000000000e+02 6.918309709189344927e-05 2.906514624229226268e-02 2.872773010704594843e-02 3.465544871794871806e+00 1.740000000000000000e+02 3.315304487179487225e+00 2.922718625557489333e-02 3.695913461538461675e+00
2.180000000000000000e+02 6.760829753919798545e-05 2.802227915097505601e-02 2.841079071423826749e-02 3.385416666666666519e+00 1.740000000000000000e+02 3.315304487179487225e+00 2.922718625557489333e-02 3.695913461538461675e+00
2.190000000000000000e+02 6.606934480075941690e-05 2.913747977417631072e-02 2.825884612498040863e-02 3.385416666666666519e+00 1.740000000000000000e+02 3.315304487179487225e+00 2.922718625557489333e-02 3.695913461538461675e+00
2.200000000000000000e+02 6.456542290346536917e-05 2.909828119505292188e-02 2.820274103298568355e-02 3.405448717948717618e+00 1.740000000000000000e+02 3.315304487179487225e+00 2.922718625557489333e-02 3.695913461538461675e+00
2.210000000000000000e+02 6.309573444801914392e-05 2.971824771987321978e-02 2.862951043285787839e-02 3.475560897435897800e+00 1.740000000000000000e+02 3.315304487179487225e+00 2.922718625557489333e-02 3.695913461538461675e+00
2.220000000000000000e+02 6.165950018614803449e-05 2.834973466367675735e-02 2.833478943032857397e-02 3.435496794871795156e+00 1.740000000000000000e+02 3.315304487179487225e+00 2.922718625557489333e-02 3.695913461538461675e+00
2.230000000000000000e+02 6.025595860743559589e-05 2.876752549304794140e-02 2.842352457138566310e-02 3.415464743589743168e+00 1.740000000000000000e+02 3.315304487179487225e+00 2.922718625557489333e-02 3.695913461538461675e+00
2.240000000000000000e+02 5.888436553555871807e-05 3.129690081979601829e-02 2.868016050212109092e-02 3.425480769230769607e+00 1.740000000000000000e+02 3.315304487179487225e+00 2.922718625557489333e-02 3.695913461538461675e+00
2.250000000000000000e+02 5.754399373371551498e-05 2.964853937140642104e-02 2.860371527957538892e-02 3.465544871794871806e+00 1.740000000000000000e+02 3.315304487179487225e+00 2.922718625557489333e-02 3.695913461538461675e+00
2.260000000000000000e+02 5.623413251903473082e-05 2.877246964579591518e-02 2.854919799705012140e-02 3.445512820512820706e+00 1.740000000000000000e+02 3.315304487179487225e+00 2.922718625557489333e-02 3.695913461538461675e+00
2.270000000000000000e+02 5.495408738576228462e-05 2.919307363052398713e-02 2.825584372345847639e-02 3.415464743589743168e+00 1.740000000000000000e+02 3.315304487179487225e+00 2.922718625557489333e-02 3.695913461538461675e+00
2.280000000000000000e+02 5.370317963702510772e-05 2.844409091780200974e-02 2.832795444201343868e-02 3.325320512820512775e+00 1.740000000000000000e+02 3.315304487179487225e+00 2.922718625557489333e-02 3.695913461538461675e+00
2.290000000000000000e+02 5.248074602497709715e-05 2.742836456029460954e-02 2.828171617464902629e-02 3.375400641025640969e+00 1.740000000000000000e+02 3.315304487179487225e+00 2.922718625557489333e-02 3.695913461538461675e+00
2.300000000000000000e+02 5.128613839913632506e-05 2.870105321590717129e-02 2.810247070887364820e-02 3.405448717948717618e+00 1.740000000000000000e+02 3.315304487179487225e+00 2.922718625557489333e-02 3.695913461538461675e+00
2.310000000000000000e+02 5.011872336272706844e-05 2.792069523666913800e-02 2.864169668054017057e-02 3.385416666666666519e+00 1.740000000000000000e+02 3.315304487179487225e+00 2.922718625557489333e-02 3.695913461538461675e+00
2.320000000000000000e+02 4.897788193684445929e-05 2.824779513936776301e-02 2.881775247768905007e-02 3.445512820512820706e+00 1.740000000000000000e+02 3.315304487179487225e+00 2.922718625557489333e-02 3.695913461538461675e+00
2.330000000000000000e+02 4.786300923226367485e-05 2.803185995286091789e-02 2.821494344971142709e-02 3.375400641025640969e+00 1.740000000000000000e+02 3.315304487179487225e+00 2.922718625557489333e-02 3.695913461538461675e+00
2.340000000000000000e+02 4.677351412871966029e-05 2.786212759570051364e-02 2.856166278256867461e-02 3.435496794871795156e+00 1.740000000000000000e+02 3.315304487179487225e+00 2.922718625557489333e-02 3.695913461538461675e+00
2.350000000000000000e+02 4.570881896148734701e-05 2.917731715700565276e-02 2.867673191641911118e-02 3.395432692307692069e+00 1.740000000000000000e+02 3.315304487179487225e+00 2.922718625557489333e-02 3.695913461538461675e+00
2.360000000000000000e+02 4.466835921509615848e-05 2.816405956848309564e-02 2.832425195419301100e-02 3.435496794871795156e+00 1.740000000000000000e+02 3.315304487179487225e+00 2.922718625557489333e-02 3.695913461538461675e+00
2.370000000000000000e+02 4.365158322401644422e-05 2.926426845340010519e-02 2.860970066588682317e-02 3.375400641025640969e+00 1.740000000000000000e+02 3.315304487179487225e+00 2.922718625557489333e-02 3.695913461538461675e+00
2.380000000000000000e+02 4.265795188015911475e-05 2.826536847994877769e-02 2.852675814453202105e-02 3.455528846153846256e+00 1.740000000000000000e+02 3.315304487179487225e+00 2.922718625557489333e-02 3.695913461538461675e+00
2.390000000000000000e+02 4.168693834703338926e-05 2.880962489125056189e-02 2.817091021913652876e-02 3.315304487179487225e+00 2.390000000000000000e+02 3.315304487179487225e+00 2.934873008761757981e-02 3.695913461538461675e+00
2.400000000000000000e+02 4.073802778041112505e-05 2.891827888118150836e-02 2.863651994191921887e-02 3.415464743589743168e+00 2.390000000000000000e+02 3.315304487179487225e+00 2.934873008761757981e-02 3.695913461538461675e+00
2.410000000000000000e+02 3.981071705534957938e-05 2.728278008409035574e-02 2.870063170438441266e-02 3.475560897435897800e+00 2.390000000000000000e+02 3.315304487179487225e+00 2.934873008761757981e-02 3.695913461538461675e+00
2.420000000000000000e+02 3.890451449942791695e-05 2.848418759038815265e-02 2.857988588332843402e-02 3.435496794871795156e+00 2.390000000000000000e+02 3.315304487179487225e+00 2.934873008761757981e-02 3.695913461538461675e+00
2.430000000000000000e+02 3.801893963205598136e-05 3.005901629773852224e-02 2.806179854908408960e-02 3.305288461538461675e+00 2.430000000000000000e+02 3.305288461538461675e+00 2.913748319387638938e-02 3.756009615384615419e+00
2.440000000000000000e+02 3.715352290971711514e-05 2.764205650116006649e-02 2.902446733190654216e-02 3.525641025641025550e+00 2.430000000000000000e+02 3.305288461538461675e+00 2.913748319387638938e-02 3.756009615384615419e+00
2.450000000000000000e+02 3.630780547700999771e-05 2.817672959122902165e-02 2.826787373991324764e-02 3.395432692307692069e+00 2.430000000000000000e+02 3.305288461538461675e+00 2.913748319387638938e-02 3.756009615384615419e+00
2.460000000000000000e+02 3.548133892335741160e-05 2.911882826055471607e-02 2.883258389267258706e-02 3.505608974358974450e+00 2.430000000000000000e+02 3.305288461538461675e+00 2.913748319387638938e-02 3.756009615384615419e+00
2.470000000000000000e+02 3.467368504525303205e-05 2.890927042477788034e-02 2.814282789805497981e-02 3.325320512820512775e+00 2.430000000000000000e+02 3.305288461538461675e+00 2.913748319387638938e-02 3.756009615384615419e+00
2.480000000000000000e+02 3.388441561392012695e-05 2.910151263364614549e-02 2.816714304096351942e-02 3.395432692307692069e+00 2.430000000000000000e+02 3.305288461538461675e+00 2.913748319387638938e-02 3.756009615384615419e+00
2.490000000000000000e+02 3.311311214825898142e-05 2.827128160219544162e-02 2.892635300388344752e-02 3.445512820512820706e+00 2.430000000000000000e+02 3.305288461538461675e+00 2.913748319387638938e-02 3.756009615384615419e+00
2.500000000000000000e+02 3.235936569296270058e-05 2.905863252444526937e-02 2.831359033380300913e-02 3.415464743589743168e+00 2.430000000000000000e+02 3.305288461538461675e+00 2.913748319387638938e-02 3.756009615384615419e+00
2.510000000000000000e+02 3.162277660168367333e-05 2.764608651304092252e-02 2.832924643641886869e-02 3.385416666666666519e+00 2.430000000000000000e+02 3.305288461538461675e+00 2.913748319387638938e-02 3.756009615384615419e+00
2.520000000000000000e+02 3.090295432513578511e-05 2.862096625642898684e-02 2.824597453805976349e-02 3.395432692307692069e+00 2.430000000000000000e+02 3.305288461538461675e+00 2.913748319387638938e-02 3.756009615384615419e+00
2.530000000000000000e+02 3.019951720402004293e-05 2.934054876916492721e-02 2.818544466012658928e-02 3.345352564102563875e+00 2.430000000000000000e+02 3.305288461538461675e+00 2.913748319387638938e-02 3.756009615384615419e+00
2.540000000000000000e+02 2.951209226666373883e-05 2.921064131152935686e-02 2.816820199652097373e-02 3.335336538461538325e+00 2.430000000000000000e+02 3.305288461538461675e+00 2.913748319387638938e-02 3.756009615384615419e+00
2.550000000000000000e+02 2.884031503126594444e-05 2.893755379586647816e-02 2.854843420134737728e-02 3.345352564102563875e+00 2.430000000000000000e+02 3.305288461538461675e+00 2.913748319387638938e-02 3.756009615384615419e+00
2.560000000000000000e+02 2.818382931264442676e-05 2.918224979956180604e-02 2.883437526030227169e-02 3.465544871794871806e+00 2.430000000000000000e+02 3.305288461538461675e+00 2.913748319387638938e-02 3.756009615384615419e+00
2.570000000000000000e+02 2.754228703338155489e-05 2.907697214052463314e-02 2.838031100318169977e-02 3.405448717948717618e+00 2.430000000000000000e+02 3.305288461538461675e+00 2.913748319387638938e-02 3.756009615384615419e+00
2.580000000000000000e+02 2.691534803926904807e-05 3.016262205365376550e-02 2.819339087149367110e-02 3.415464743589743168e+00 2.430000000000000000e+02 3.305288461538461675e+00 2.913748319387638938e-02 3.756009615384615419e+00
2.590000000000000000e+02 2.630267991895371247e-05 2.918550320781576266e-02 2.820905405604160962e-02 3.365384615384615419e+00 2.430000000000000000e+02 3.305288461538461675e+00 2.913748319387638938e-02 3.756009615384615419e+00
2.600000000000000000e+02 2.570395782768853307e-05 2.946908569011168558e-02 2.813744191856433832e-02 3.365384615384615419e+00 2.430000000000000000e+02 3.305288461538461675e+00 2.913748319387638938e-02 3.756009615384615419e+00
2.610000000000000000e+02 2.511886431509569991e-05 2.788308964898953204e-02 2.832759966781267513e-02 3.375400641025640969e+00 2.430000000000000000e+02 3.305288461538461675e+00 2.913748319387638938e-02 3.756009615384615419e+00
2.620000000000000000e+02 2.454708915685020428e-05 2.937588631772460046e-02 2.830200584811301892e-02 3.405448717948717618e+00 2.430000000000000000e+02 3.305288461538461675e+00 2.913748319387638938e-02 3.756009615384615419e+00
2.630000000000000000e+02 2.398832919019480884e-05 2.793296997268230469e-02 2.818785578710958362e-02 3.325320512820512775e+00 2.430000000000000000e+02 3.305288461538461675e+00 2.913748319387638938e-02 3.756009615384615419e+00
2.640000000000000000e+02 2.344228815319912698e-05 2.883799757378605749e-02 2.852327325261938204e-02 3.365384615384615419e+00 2.430000000000000000e+02 3.305288461538461675e+00 2.913748319387638938e-02 3.756009615384615419e+00
2.650000000000000000e+02 2.290867652767763718e-05 2.821296534668176620e-02 2.826837588844892390e-02 3.395432692307692069e+00 2.430000000000000000e+02 3.305288461538461675e+00 2.913748319387638938e-02 3.756009615384615419e+00
2.660000000000000000e+02 2.238721138568330470e-05 2.885998426100764430e-02 2.820946981396096204e-02 3.365384615384615419e+00 2.430000000000000000e+02 3.305288461538461675e+00 2.913748319387638938e-02 3.756009615384615419e+00
2.670000000000000000e+02 2.187761623949543435e-05 2.985757954705220082e-02 2.852408531292055169e-02 3.435496794871795156e+00 2.430000000000000000e+02 3.305288461538461675e+00 2.913748319387638938e-02 3.756009615384615419e+00
2.680000000000000000e+02 2.137962089502223157e-05 2.872797452773039051e-02 2.832194487340389949e-02 3.435496794871795156e+00 2.430000000000000000e+02 3.305288461538461675e+00 2.913748319387638938e-02 3.756009615384615419e+00
2.690000000000000000e+02 2.089296130854030744e-05 2.994073914268460118e-02 2.839004133047404524e-02 3.295272435897436125e+00 2.690000000000000000e+02 3.295272435897436125e+00 2.961269777286081387e-02 3.725961538461538325e+00
2.700000000000000000e+02 2.041737944669520625e-05 2.895287415967920039e-02 2.830903001132612298e-02 3.435496794871795156e+00 2.690000000000000000e+02 3.295272435897436125e+00 2.961269777286081387e-02 3.725961538461538325e+00
2.710000000000000000e+02 1.995262314968871168e-05 2.937558818704042590e-02 2.881253522429734829e-02 3.465544871794871806e+00 2.690000000000000000e+02 3.295272435897436125e+00 2.961269777286081387e-02 3.725961538461538325e+00
2.720000000000000000e+02 1.949844599758037114e-05 2.808255305848060546e-02 2.817126613659545406e-02 3.335336538461538325e+00 2.690000000000000000e+02 3.295272435897436125e+00 2.961269777286081387e-02 3.725961538461538325e+00
2.730000000000000000e+02 1.905460717963239264e-05 2.896437339054850485e-02 2.859371458627999948e-02 3.465544871794871806e+00 2.690000000000000000e+02 3.295272435897436125e+00 2.961269777286081387e-02 3.725961538461538325e+00
2.740000000000000000e+02 1.862087136662859626e-05 2.859013524049749608e-02 2.832165748949568712e-02 3.355368589743589425e+00 2.690000000000000000e+02 3.295272435897436125e+00 2.961269777286081387e-02 3.725961538461538325e+00
2.750000000000000000e+02 1.819700858609975933e-05 2.896780158894566443e-02 2.831367943406057353e-02 3.345352564102563875e+00 2.690000000000000000e+02 3.295272435897436125e+00 2.961269777286081387e-02 3.725961538461538325e+00
2.760000000000000000e+02 1.778279410038915447e-05 2.805235058976671483e-02 2.838251929512271288e-02 3.385416666666666519e+00 2.690000000000000000e+02 3.295272435897436125e+00 2.961269777286081387e-02 3.725961538461538325e+00
2.770000000000000000e+02 1.737800828749368255e-05 2.682026729990656666e-02 2.851239678029042490e-02 3.415464743589743168e+00 2.690000000000000000e+02 3.295272435897436125e+00 2.961269777286081387e-02 3.725961538461538325e+00
2.780000000000000000e+02 1.698243652461737453e-05 2.933229916752913211e-02 2.832599000360530236e-02 3.385416666666666519e+00 2.690000000000000000e+02 3.295272435897436125e+00 2.961269777286081387e-02 3.725961538461538325e+00
2.790000000000000000e+02 1.659586907437553719e-05 2.838365598701131712e-02 2.818639648373787859e-02 3.325320512820512775e+00 2.690000000000000000e+02 3.295272435897436125e+00 2.961269777286081387e-02 3.725961538461538325e+00
2.800000000000000000e+02 1.621810097358923066e-05 2.949994391737839963e-02 2.849403366510672858e-02 3.455528846153846256e+00 2.690000000000000000e+02 3.295272435897436125e+00 2.961269777286081387e-02 3.725961538461538325e+00
2.810000000000000000e+02 1.584893192461106669e-05 2.802372381138877946e-02 2.815961653444295013e-02 3.345352564102563875e+00 2.690000000000000000e+02 3.295272435897436125e+00 2.961269777286081387e-02 3.725961538461538325e+00
2.820000000000000000e+02 1.548816618912474621e-05 2.939370890649465468e-02 2.870905010226684068e-02 3.435496794871795156e+00 2.690000000000000000e+02 3.295272435897436125e+00 2.961269777286081387e-02 3.725961538461538325e+00
2.830000000000000000e+02 1.513561248436201548e-05 2.838505771106634296e-02 2.863614108541813127e-02 3.455528846153846256e+00 2.690000000000000000e+02 3.295272435897436125e+00 2.961269777286081387e-02 3.725961538461538325e+00
2.840000000000000000e+02 1.479108388168200892e-05 2.886324554968338826e-02 2.843299668389730889e-02 3.405448717948717618e+00 2.690000000000000000e+02 3.295272435897436125e+00 2.961269777286081387e-02 3.725961538461538325e+00
2.850000000000000000e+02 1.445439770745921075e-05 3.055952472660021860e-02 2.842922209917257345e-02 3.355368589743589425e+00 2.690000000000000000e+02 3.295272435897436125e+00 2.961269777286081387e-02 3.725961538461538325e+00
2.860000000000000000e+02 1.412537544622748041e-05 2.926643462612842778e-02 2.869624240497031797e-02 3.435496794871795156e+00 2.690000000000000000e+02 3.295272435897436125e+00 2.961269777286081387e-02 3.725961538461538325e+00
2.870000000000000000e+02 1.380384264602878619e-05 2.969550889415236566e-02 2.853704598144245902e-02 3.455528846153846256e+00 2.690000000000000000e+02 3.295272435897436125e+00 2.961269777286081387e-02 3.725961538461538325e+00
2.880000000000000000e+02 1.348962882591647551e-05 2.919665897169556462e-02 2.856140774943364408e-02 3.435496794871795156e+00 2.690000000000000000e+02 3.295272435897436125e+00 2.961269777286081387e-02 3.725961538461538325e+00
2.890000000000000000e+02 1.318256738556401167e-05 2.843733879331594716e-02 2.825319990127657735e-02 3.365384615384615419e+00 2.690000000000000000e+02 3.295272435897436125e+00 2.961269777286081387e-02 3.725961538461538325e+00
2.900000000000000000e+02 1.288249551693128069e-05 2.752684573762309919e-02 2.882616250411583481e-02 3.505608974358974450e+00 2.690000000000000000e+02 3.295272435897436125e+00 2.961269777286081387e-02 3.725961538461538325e+00
2.910000000000000000e+02 1.258925411794161371e-05 2.834376629489736635e-02 2.891776196431750795e-02 3.505608974358974450e+00 2.690000000000000000e+02 3.295272435897436125e+00 2.961269777286081387e-02 3.725961538461538325e+00
2.920000000000000000e+02 1.230268770812375813e-05 2.922474976199177649e-02 2.829540109870811934e-02 3.435496794871795156e+00 2.690000000000000000e+02 3.295272435897436125e+00 2.961269777286081387e-02 3.725961538461538325e+00
2.930000000000000000e+02 1.202264434617407250e-05 2.796684329708417141e-02 2.852435897549208260e-02 3.415464743589743168e+00 2.690000000000000000e+02 3.295272435897436125e+00 2.961269777286081387e-02 3.725961538461538325e+00
2.940000000000000000e+02 1.174897554939523977e-05 2.916378599519912906e-02 2.858320043052140630e-02 3.495592948717948900e+00 2.690000000000000000e+02 3.295272435897436125e+00 2.961269777286081387e-02 3.725961538461538325e+00
2.950000000000000000e+02 1.148153621496877315e-05 2.939909430316243327e-02 2.819028856734243776e-02 3.345352564102563875e+00 2.690000000000000000e+02 3.295272435897436125e+00 2.961269777286081387e-02 3.725961538461538325e+00
2.960000000000000000e+02 1.122018454301958096e-05 2.951340575535327942e-02 2.847939102614943305e-02 3.415464743589743168e+00 2.690000000000000000e+02 3.295272435897436125e+00 2.961269777286081387e-02 3.725961538461538325e+00
2.970000000000000000e+02 1.096478196143179763e-05 2.808340837080509217e-02 2.815129700898885354e-02 3.355368589743589425e+00 2.690000000000000000e+02 3.295272435897436125e+00 2.961269777286081387e-02 3.725961538461538325e+00
2.980000000000000000e+02 1.071519305237601245e-05 2.826749910719883810e-02 2.826380970714709173e-02 3.375400641025640969e+00 2.690000000000000000e+02 3.295272435897436125e+00 2.961269777286081387e-02 3.725961538461538325e+00
2.990000000000000000e+02 1.047128548050894469e-05 2.817433576983137053e-02 2.820851028380461784e-02 3.435496794871795156e+00 2.690000000000000000e+02 3.295272435897436125e+00 2.961269777286081387e-02 3.725961538461538325e+00
3.000000000000000000e+02 1.023292992280749240e-05 2.781633662585264455e-02 2.818337968067051100e-02 3.395432692307692069e+00 2.690000000000000000e+02 3.295272435897436125e+00 2.961269777286081387e-02 3.725961538461538325e+00
