# Epoch, LR, Training Loss, Validation Loss, Validation Error, Best Epoch, Best Validation Error, Test Loss, Test Error
1.000000000000000000e+00 5.000000000000000104e-03 5.370775935078455632e-01 3.569648135931063893e-01 6.546474358974359120e+01 1.000000000000000000e+00 6.546474358974359120e+01 3.570545418904377821e-01 6.549479166666665719e+01
2.000000000000000000e+00 4.774962930107180294e-03 3.599111453068157829e-01 3.535389506664031734e-01 5.539863782051281760e+01 2.000000000000000000e+00 5.539863782051281760e+01 3.535619187049376388e-01 5.699118589743589069e+01
3.000000000000000000e+00 4.560054196779549270e-03 3.598445781006300859e-01 3.520004118864352716e-01 5.444711538461538680e+01 3.000000000000000000e+00 5.444711538461538680e+01 3.525544603665669574e-01 5.669070512820513130e+01
4.000000000000000000e+00 4.354817949780404041e-03 3.597739036418189928e-01 3.502647903485175962e-01 5.559895833333333570e+01 3.000000000000000000e+00 5.444711538461538680e+01 3.525544603665669574e-01 5.669070512820513130e+01
5.000000000000000000e+00 4.158818855513356227e-03 3.596638253405074481e-01 3.489296634991963519e-01 4.733573717948718240e+01 5.000000000000000000e+00 4.733573717948718240e+01 3.495182815270546084e-01 4.958934294871794890e+01
6.000000000000000000e+00 3.971641173621408630e-03 3.594646797692480078e-01 3.449550653115296961e-01 4.077524038461538680e+01 6.000000000000000000e+00 4.077524038461538680e+01 3.454466060950205919e-01 4.284855769230769340e+01
7.000000000000000000e+00 3.792887875145920136e-03 3.592573915631318004e-01 3.448952547250649925e-01 5.620993589743589069e+01 6.000000000000000000e+00 4.077524038461538680e+01 3.454466060950205919e-01 4.284855769230769340e+01
8.000000000000000000e+00 3.622179800374951755e-03 3.587616126399394978e-01 3.485517773108604556e-01 6.537459935897436480e+01 6.000000000000000000e+00 4.077524038461538680e+01 3.454466060950205919e-01 4.284855769230769340e+01
9.000000000000000000e+00 3.459154854594683956e-03 3.580194236325823787e-01 3.422945703451449884e-01 5.161258012820513130e+01 6.000000000000000000e+00 4.077524038461538680e+01 3.454466060950205919e-01 4.284855769230769340e+01
1.000000000000000000e+01 3.303467240037981714e-03 3.567309609622009714e-01 3.457558647944377062e-01 6.943108974358975161e+01 6.000000000000000000e+00 4.077524038461538680e+01 3.454466060950205919e-01 4.284855769230769340e+01
1.100000000000000000e+01 3.154786722400968173e-03 3.542762833685914603e-01 3.444813715341763505e-01 7.276642628205127039e+01 6.000000000000000000e+00 4.077524038461538680e+01 3.454466060950205919e-01 4.284855769230769340e+01
1.200000000000000000e+01 3.012797930371790677e-03 3.500554659149863745e-01 3.485839706964982132e-01 7.514022435897436480e+01 6.000000000000000000e+00 4.077524038461538680e+01 3.454466060950205919e-01 4.284855769230769340e+01
1.300000000000000000e+01 2.877199686685786781e-03 3.435837837782773074e-01 3.436672301628651005e-01 7.382812500000000000e+01 6.000000000000000000e+00 4.077524038461538680e+01 3.454466060950205919e-01 4.284855769230769340e+01
1.400000000000000000e+01 2.747704369288124938e-03 3.345276698100665413e-01 3.525958168200957199e-01 7.774439102564102200e+01 6.000000000000000000e+00 4.077524038461538680e+01 3.454466060950205919e-01 4.284855769230769340e+01
1.500000000000000000e+01 2.624037301248865334e-03 3.241850889418735893e-01 3.581994542708763496e-01 7.905649038461538680e+01 6.000000000000000000e+00 4.077524038461538680e+01 3.454466060950205919e-01 4.284855769230769340e+01
1.600000000000000000e+01 2.505936168136363613e-03 3.130808865728457180e-01 3.723680812578935018e-01 8.154046474358975161e+01 6.000000000000000000e+00 4.077524038461538680e+01 3.454466060950205919e-01 4.284855769230769340e+01
1.700000000000000000e+01 2.393150461613193988e-03 3.024091996437262009e-01 3.932213106980690376e-01 8.431490384615383959e+01 6.000000000000000000e+00 4.077524038461538680e+01 3.454466060950205919e-01 4.284855769230769340e+01
1.800000000000000000e+01 2.285440948074377379e-03 2.921702561299662770e-01 4.005383703953180330e-01 8.397435897435897800e+01 6.000000000000000000e+00 4.077524038461538680e+01 3.454466060950205919e-01 4.284855769230769340e+01
1.900000000000000000e+01 2.182579161200832226e-03 2.830227137350839195e-01 4.032767709249105437e-01 8.317307692307693401e+01 6.000000000000000000e+00 4.077524038461538680e+01 3.454466060950205919e-01 4.284855769230769340e+01
2.000000000000000000e+01 2.084346917351679370e-03 2.748443313620307360e-01 4.196042846410702465e-01 8.155048076923077360e+01 6.000000000000000000e+00 4.077524038461538680e+01 3.454466060950205919e-01 4.284855769230769340e+01
2.100000000000000000e+01 1.990535852767488442e-03 2.677725398836057202e-01 4.245444104457513079e-01 8.352363782051281760e+01 6.000000000000000000e+00 4.077524038461538680e+01 3.454466060950205919e-01 4.284855769230769340e+01
2.200000000000000000e+01 1.900946981602808080e-03 2.613132522372174638e-01 4.550983309745788574e-01 8.421474358974359120e+01 6.000000000000000000e+00 4.077524038461538680e+01 3.454466060950205919e-01 4.284855769230769340e+01
2.300000000000000000e+01 1.815390273850508735e-03 2.559686157329023604e-01 4.489655376244813811e-01 8.303285256410256920e+01 6.000000000000000000e+00 4.077524038461538680e+01 3.454466060950205919e-01 4.284855769230769340e+01
2.400000000000000000e+01 1.733684252262660290e-03 2.509266158519697365e-01 4.531271392718339563e-01 8.414463141025640880e+01 6.000000000000000000e+00 4.077524038461538680e+01 3.454466060950205919e-01 4.284855769230769340e+01
2.500000000000000000e+01 1.655655607412957623e-03 2.463481375993775979e-01 4.691522889412366171e-01 8.433493589743589780e+01 6.000000000000000000e+00 4.077524038461538680e+01 3.454466060950205919e-01 4.284855769230769340e+01
2.600000000000000000e+01 1.581138830084191866e-03 2.428761680510418408e-01 4.710768086787981979e-01 8.389423076923077360e+01 6.000000000000000000e+00 4.077524038461538680e+01 3.454466060950205919e-01 4.284855769230769340e+01
2.700000000000000000e+01 1.509975860201010238e-03 2.391929244206956462e-01 4.643414108416972774e-01 8.307291666666665719e+01 6.000000000000000000e+00 4.077524038461538680e+01 3.454466060950205919e-01 4.284855769230769340e+01
2.800000000000000000e+01 1.442015751563305130e-03 2.358822251400671810e-01 4.901687311820494553e-01 8.405448717948718240e+01 6.000000000000000000e+00 4.077524038461538680e+01 3.454466060950205919e-01 4.284855769230769340e+01
2.900000000000000000e+01 1.377114351669085374e-03 2.332073002314764554e-01 4.887617283906692256e-01 8.290264423076922640e+01 6.000000000000000000e+00 4.077524038461538680e+01 3.454466060950205919e-01 4.284855769230769340e+01
3.000000000000000000e+01 1.315133995947693037e-03 2.303443691700943208e-01 5.014756329548664127e-01 8.505608974358975161e+01 6.000000000000000000e+00 4.077524038461538680e+01 3.454466060950205919e-01 4.284855769230769340e+01
3.100000000000000000e+01 1.255943215754792104e-03 2.278531076986927695e-01 4.953654954830805646e-01 8.402443910256410220e+01 6.000000000000000000e+00 4.077524038461538680e+01 3.454466060950205919e-01 4.284855769230769340e+01
3.200000000000000000e+01 1.199416459509747334e-03 2.263206896456805006e-01 4.883208053234295853e-01 8.399439102564102200e+01 6.000000000000000000e+00 4.077524038461538680e+01 3.454466060950205919e-01 4.284855769230769340e+01
3.300000000000000000e+01 1.145433826383888574e-03 2.235963613533776539e-01 5.091448819790130864e-01 8.393429487179486159e+01 6.000000000000000000e+00 4.077524038461538680e+01 3.454466060950205919e-01 4.284855769230769340e+01
3.400000000000000000e+01 1.093880811974778195e-03 2.219193117677672744e-01 4.956182600596012455e-01 8.304286858974359120e+01 6.000000000000000000e+00 4.077524038461538680e+01 3.454466060950205919e-01 4.284855769230769340e+01
3.500000000000000000e+01 1.044648065427021674e-03 2.197385633287350926e-01 4.986099489988424782e-01 8.367387820512820440e+01 6.000000000000000000e+00 4.077524038461538680e+01 3.454466060950205919e-01 4.284855769230769340e+01
3.600000000000000000e+01 9.976311574844416285e-04 2.179270512801556592e-01 5.017949140224701177e-01 8.273237179487179560e+01 6.000000000000000000e+00 4.077524038461538680e+01 3.454466060950205919e-01 4.284855769230769340e+01
3.700000000000000000e+01 9.527303589816253984e-04 2.166168176191897443e-01 5.066040001618556943e-01 8.366386217948718240e+01 6.000000000000000000e+00 4.077524038461538680e+01 3.454466060950205919e-01 4.284855769230769340e+01
3.800000000000000000e+01 9.098504293049934893e-04 2.151469157747000760e-01 5.138120230955954826e-01 8.408453525641024839e+01 6.000000000000000000e+00 4.077524038461538680e+01 3.454466060950205919e-01 4.284855769230769340e+01
3.900000000000000000e+01 8.689004143746894334e-04 2.138755507459325356e-01 5.214119358704640828e-01 8.356370192307693401e+01 6.000000000000000000e+00 4.077524038461538680e+01 3.454466060950205919e-01 4.284855769230769340e+01
4.000000000000000000e+01 8.297934537187819483e-04 2.125175754639727910e-01 5.176096432484112997e-01 8.327323717948718240e+01 6.000000000000000000e+00 4.077524038461538680e+01 3.454466060950205919e-01 4.284855769230769340e+01
4.100000000000000000e+01 7.924465962305583420e-04 2.108821002412433476e-01 5.302723309932610984e-01 8.409455128205127039e+01 6.000000000000000000e+00 4.077524038461538680e+01 3.454466060950205919e-01 4.284855769230769340e+01
4.200000000000000000e+01 7.567806242181056731e-04 2.100632428630324344e-01 5.264237358784064069e-01 8.387419871794872961e+01 6.000000000000000000e+00 4.077524038461538680e+01 3.454466060950205919e-01 4.284855769230769340e+01
4.300000000000000000e+01 7.227198853729652943e-04 2.086192116757069615e-01 5.211755763261746166e-01 8.308293269230769340e+01 6.000000000000000000e+00 4.077524038461538680e+01 3.454466060950205919e-01 4.284855769230769340e+01
4.400000000000000000e+01 6.901921323014439513e-04 2.074658353712933168e-01 5.231597843842629159e-01 8.340344551282051100e+01 6.000000000000000000e+00 4.077524038461538680e+01 3.454466060950205919e-01 4.284855769230769340e+01
4.500000000000000000e+01 6.591283692782050558e-04 2.068492351484692848e-01 5.324287540637530070e-01 8.406450320512820440e+01 6.000000000000000000e+00 4.077524038461538680e+01 3.454466060950205919e-01 4.284855769230769340e+01
4.600000000000000000e+01 6.294627058970850460e-04 2.057927875479390878e-01 5.361909098350085001e-01 8.317307692307693401e+01 6.000000000000000000e+00 4.077524038461538680e+01 3.454466060950205919e-01 4.284855769230769340e+01
4.700000000000000000e+01 6.011322173087079107e-04 2.050710779083661783e-01 5.367757834685153995e-01 8.410456730769230660e+01 6.000000000000000000e+00 4.077524038461538680e+01 3.454466060950205919e-01 4.284855769230769340e+01
4.800000000000000000e+01 5.740768107484427434e-04 2.040720219208189412e-01 5.469457889214540680e-01 8.431490384615383959e+01 6.000000000000000000e+00 4.077524038461538680e+01 3.454466060950205919e-01 4.284855769230769340e+01
4.900000000000000000e+01 5.482390980715938760e-04 2.030228921450859259e-01 5.466543657657427779e-01 8.427483974358975161e+01 6.000000000000000000e+00 4.077524038461538680e+01 3.454466060950205919e-01 4.284855769230769340e+01
5.000000000000000000e+01 5.235642740254511105e-04 2.020941132356312564e-01 5.496580474651776571e-01 8.409455128205127039e+01 6.000000000000000000e+00 4.077524038461538680e+01 3.454466060950205919e-01 4.284855769230769340e+01
5.100000000000000000e+01 5.000000000000013115e-04 2.015255717206592412e-01 5.486940359457944671e-01 8.433493589743589780e+01 6.000000000000000000e+00 4.077524038461538680e+01 3.454466060950205919e-01 4.284855769230769340e+01
5.200000000000000000e+01 4.774962930107192545e-04 2.009964617815884758e-01 5.420227234180157172e-01 8.348357371794872961e+01 6.000000000000000000e+00 4.077524038461538680e+01 3.454466060950205919e-01 4.284855769230769340e+01
5.300000000000000000e+01 4.560054196779561196e-04 2.003548115491867176e-01 5.496789713700612756e-01 8.385416666666665719e+01 6.000000000000000000e+00 4.077524038461538680e+01 3.454466060950205919e-01 4.284855769230769340e+01
5.400000000000000000e+01 4.354817949780415533e-04 1.994484160310965870e-01 5.449045449495315552e-01 8.394431089743589780e+01 6.000000000000000000e+00 4.077524038461538680e+01 3.454466060950205919e-01 4.284855769230769340e+01
5.500000000000000000e+01 4.158818855513366853e-04 1.991541249446632522e-01 5.558300992617239977e-01 8.397435897435897800e+01 6.000000000000000000e+00 4.077524038461538680e+01 3.454466060950205919e-01 4.284855769230769340e+01
5.600000000000000000e+01 3.971641173621419038e-04 1.986479124254431627e-01 5.545779634744693043e-01 8.382411858974359120e+01 6.000000000000000000e+00 4.077524038461538680e+01 3.454466060950205919e-01 4.284855769230769340e+01
5.700000000000000000e+01 3.792887875145930111e-04 1.978031582576184333e-01 5.541290010397250665e-01 8.387419871794872961e+01 6.000000000000000000e+00 4.077524038461538680e+01 3.454466060950205919e-01 4.284855769230769340e+01
5.800000000000000000e+01 3.622179800374961079e-04 1.975327295212706280e-01 5.521263231833776208e-01 8.360376602564102200e+01 6.000000000000000000e+00 4.077524038461538680e+01 3.454466060950205919e-01 4.284855769230769340e+01
5.900000000000000000e+01 3.459154854594693063e-04 1.967388636070834806e-01 5.560174378064962619e-01 8.399439102564102200e+01 6.000000000000000000e+00 4.077524038461538680e+01 3.454466060950205919e-01 4.284855769230769340e+01
6.000000000000000000e+01 3.303467240037990496e-04 1.966008845439627117e-01 5.642320678020135150e-01 8.406450320512820440e+01 6.000000000000000000e+00 4.077524038461538680e+01 3.454466060950205919e-01 4.284855769230769340e+01
6.100000000000000000e+01 3.154786722400976305e-04 1.960116749706347083e-01 5.570582827696433093e-01 8.363381410256410220e+01 6.000000000000000000e+00 4.077524038461538680e+01 3.454466060950205919e-01 4.284855769230769340e+01
6.200000000000000000e+01 3.012797930371798700e-04 1.954877817433727794e-01 5.680669576693804235e-01 8.386418269230769340e+01 6.000000000000000000e+00 4.077524038461538680e+01 3.454466060950205919e-01 4.284855769230769340e+01
6.300000000000000000e+01 2.877199686685794045e-04 1.950225373191281919e-01 5.636947709016311148e-01 8.398437500000000000e+01 6.000000000000000000e+00 4.077524038461538680e+01 3.454466060950205919e-01 4.284855769230769340e+01
6.400000000000000000e+01 2.747704369288131985e-04 1.943531919609416680e-01 5.632190505663553504e-01 8.413461538461538680e+01 6.000000000000000000e+00 4.077524038461538680e+01 3.454466060950205919e-01 4.284855769230769340e+01
6.500000000000000000e+01 2.624037301248871730e-04 1.944961928139048168e-01 5.619262028963137867e-01 8.384415064102563520e+01 6.000000000000000000e+00 4.077524038461538680e+01 3.454466060950205919e-01 4.284855769230769340e+01
6.600000000000000000e+01 2.505936168136369685e-04 1.941611134070010125e-01 5.698735121733102815e-01 8.374399038461538680e+01 6.000000000000000000e+00 4.077524038461538680e+01 3.454466060950205919e-01 4.284855769230769340e+01
6.700000000000000000e+01 2.393150461613199735e-04 1.932746616030527609e-01 5.713489674604855795e-01 8.414463141025640880e+01 6.000000000000000000e+00 4.077524038461538680e+01 3.454466060950205919e-01 4.284855769230769340e+01
6.800000000000000000e+01 2.285440948074382800e-04 1.934418630501455461e-01 5.679001873120282928e-01 8.389423076923077360e+01 6.000000000000000000e+00 4.077524038461538680e+01 3.454466060950205919e-01 4.284855769230769340e+01
6.900000000000000000e+01 2.182579161200837322e-04 1.931101333750180893e-01 5.680396136565085685e-01 8.379407051282051100e+01 6.000000000000000000e+00 4.077524038461538680e+01 3.454466060950205919e-01 4.284855769230769340e+01
7.000000000000000000e+01 2.084346917351684303e-04 1.921311304096348094e-01 5.708565264940261841e-01 8.411458333333334281e+01 6.000000000000000000e+00 4.077524038461538680e+01 3.454466060950205919e-01 4.284855769230769340e+01
7.100000000000000000e+01 1.990535852767493267e-04 1.921414363729067043e-01 5.689398459134957786e-01 8.391426282051281760e+01 6.000000000000000000e+00 4.077524038461538680e+01 3.454466060950205919e-01 4.284855769230769340e+01
7.200000000000000000e+01 1.900946981602812688e-04 1.916344324911921360e-01 5.720724707994705449e-01 8.374399038461538680e+01 6.000000000000000000e+00 4.077524038461538680e+01 3.454466060950205919e-01 4.284855769230769340e+01
7.300000000000000000e+01 1.815390273850513235e-04 1.918363198268512038e-01 5.756492400780702789e-01 8.421474358974359120e+01 6.000000000000000000e+00 4.077524038461538680e+01 3.454466060950205919e-01 4.284855769230769340e+01
7.400000000000000000e+01 1.733684252262664410e-04 1.912663047717622355e-01 5.739601594515335581e-01 8.377403846153845279e+01 6.000000000000000000e+00 4.077524038461538680e+01 3.454466060950205919e-01 4.284855769230769340e+01
7.500000000000000000e+01 1.655655607412961472e-04 1.911581371933960827e-01 5.734212196026092778e-01 8.389423076923077360e+01 6.000000000000000000e+00 4.077524038461538680e+01 3.454466060950205919e-01 4.284855769230769340e+01
7.600000000000000000e+01 1.581138830084195389e-04 1.907883793115615900e-01 5.786669093828934463e-01 8.392427884615383959e+01 6.000000000000000000e+00 4.077524038461538680e+01 3.454466060950205919e-01 4.284855769230769340e+01
7.700000000000000000e+01 1.509975860201013599e-04 1.903291587002021168e-01 5.775320690411788194e-01 8.393429487179486159e+01 6.000000000000000000e+00 4.077524038461538680e+01 3.454466060950205919e-01 4.284855769230769340e+01
7.800000000000000000e+01 1.442015751563308166e-04 1.905232378766556489e-01 5.800611758843446930e-01 8.413461538461538680e+01 6.000000000000000000e+00 4.077524038461538680e+01 3.454466060950205919e-01 4.284855769230769340e+01
7.900000000000000000e+01 1.377114351669088247e-04 1.902355059858195918e-01 5.841048680818997640e-01 8.427483974358975161e+01 6.000000000000000000e+00 4.077524038461538680e+01 3.454466060950205919e-01 4.284855769230769340e+01
8.000000000000000000e+01 1.315133995947695856e-04 1.898207653898838221e-01 5.825522450300363309e-01 8.401442307692306599e+01 6.000000000000000000e+00 4.077524038461538680e+01 3.454466060950205919e-01 4.284855769230769340e+01
8.100000000000000000e+01 1.255943215754794923e-04 1.896121694283051939e-01 5.793884503535735586e-01 8.387419871794872961e+01 6.000000000000000000e+00 4.077524038461538680e+01 3.454466060950205919e-01 4.284855769230769340e+01
8.200000000000000000e+01 1.199416459509749963e-04 1.895697793192114844e-01 5.860954614786001438e-01 8.425480769230769340e+01 6.000000000000000000e+00 4.077524038461538680e+01 3.454466060950205919e-01 4.284855769230769340e+01
8.300000000000000000e+01 1.145433826383891041e-04 1.897705939929347496e-01 5.790208562826498762e-01 8.392427884615383959e+01 6.000000000000000000e+00 4.077524038461538680e+01 3.454466060950205919e-01 4.284855769230769340e+01
8.400000000000000000e+01 1.093880811974780662e-04 1.895013465861643542e-01 5.833438161091927254e-01 8.408453525641024839e+01 6.000000000000000000e+00 4.077524038461538680e+01 3.454466060950205919e-01 4.284855769230769340e+01
8.500000000000000000e+01 1.044648065427023978e-04 1.888269800292558809e-01 5.880412719188592430e-01 8.410456730769230660e+01 6.000000000000000000e+00 4.077524038461538680e+01 3.454466060950205919e-01 4.284855769230769340e+01
8.600000000000000000e+01 9.976311574844438511e-05 1.888703483195344202e-01 5.778475564259749619e-01 8.415464743589743080e+01 6.000000000000000000e+00 4.077524038461538680e+01 3.454466060950205919e-01 4.284855769230769340e+01
8.700000000000000000e+01 9.527303589816274584e-05 1.890244070409743127e-01 5.832527127021398528e-01 8.406450320512820440e+01 6.000000000000000000e+00 4.077524038461538680e+01 3.454466060950205919e-01 4.284855769230769340e+01
8.800000000000000000e+01 9.098504293049955222e-05 1.887471034507121059e-01 5.854713542339129440e-01 8.374399038461538680e+01 6.000000000000000000e+00 4.077524038461538680e+01 3.454466060950205919e-01 4.284855769230769340e+01
8.900000000000000000e+01 8.689004143746914121e-05 1.886485290428823736e-01 5.809358213192377107e-01 8.391426282051281760e+01 6.000000000000000000e+00 4.077524038461538680e+01 3.454466060950205919e-01 4.284855769230769340e+01
9.000000000000000000e+01 8.297934537187838728e-05 1.880324275286729685e-01 5.830155236598772994e-01 8.401442307692306599e+01 6.000000000000000000e+00 4.077524038461538680e+01 3.454466060950205919e-01 4.284855769230769340e+01
9.100000000000000000e+01 7.924465962305602123e-05 1.880782134276776374e-01 5.821747397765134613e-01 8.410456730769230660e+01 6.000000000000000000e+00 4.077524038461538680e+01 3.454466060950205919e-01 4.284855769230769340e+01
9.200000000000000000e+01 7.567806242181073808e-05 1.883645715299716583e-01 5.861765046914418908e-01 8.393429487179486159e+01 6.000000000000000000e+00 4.077524038461538680e+01 3.454466060950205919e-01 4.284855769230769340e+01
9.300000000000000000e+01 7.227198853729669748e-05 1.880232254089402866e-01 5.862450179381247795e-01 8.413461538461538680e+01 6.000000000000000000e+00 4.077524038461538680e+01 3.454466060950205919e-01 4.284855769230769340e+01
9.400000000000000000e+01 6.901921323014455776e-05 1.880044953635901517e-01 5.871477295190860035e-01 8.393429487179486159e+01 6.000000000000000000e+00 4.077524038461538680e+01 3.454466060950205919e-01 4.284855769230769340e+01
9.500000000000000000e+01 6.591283692782065465e-05 1.879432881666609212e-01 5.872574823024945267e-01 8.391426282051281760e+01 6.000000000000000000e+00 4.077524038461538680e+01 3.454466060950205919e-01 4.284855769230769340e+01
9.600000000000000000e+01 6.294627058970865639e-05 1.876921661136564112e-01 5.871509367074722041e-01 8.421474358974359120e+01 6.000000000000000000e+00 4.077524038461538680e+01 3.454466060950205919e-01 4.284855769230769340e+01
9.700000000000000000e+01 6.011322173087093338e-05 1.877717272062932041e-01 5.899752798752907479e-01 8.395432692307693401e+01 6.000000000000000000e+00 4.077524038461538680e+01 3.454466060950205919e-01 4.284855769230769340e+01
9.800000000000000000e+01 5.740768107484441800e-05 1.878610287077170649e-01 5.866572711712274568e-01 8.419471153846154721e+01 6.000000000000000000e+00 4.077524038461538680e+01 3.454466060950205919e-01 4.284855769230769340e+01
9.900000000000000000e+01 5.482390980715952177e-05 1.872631076692549690e-01 5.848256173806313241e-01 8.395432692307693401e+01 6.000000000000000000e+00 4.077524038461538680e+01 3.454466060950205919e-01 4.284855769230769340e+01
1.000000000000000000e+02 5.235642740254523844e-05 1.873484740572527452e-01 5.895146956810584093e-01 8.399439102564102200e+01 6.000000000000000000e+00 4.077524038461538680e+01 3.454466060950205919e-01 4.284855769230769340e+01
1.010000000000000000e+02 5.000000000000025312e-05 1.873001274491144508e-01 5.879734838620210846e-01 8.397435897435897800e+01 6.000000000000000000e+00 4.077524038461538680e+01 3.454466060950205919e-01 4.284855769230769340e+01
1.020000000000000000e+02 4.774962930107204065e-05 1.871409863233566284e-01 5.914952281193855965e-01 8.431490384615383959e+01 6.000000000000000000e+00 4.077524038461538680e+01 3.454466060950205919e-01 4.284855769230769340e+01
1.030000000000000000e+02 4.560054196779571902e-05 1.867018218375434691e-01 5.907848423872238408e-01 8.426482371794872961e+01 6.000000000000000000e+00 4.077524038461538680e+01 3.454466060950205919e-01 4.284855769230769340e+01
1.040000000000000000e+02 4.354817949780425833e-05 1.870308372107419015e-01 5.889795009906475531e-01 8.396434294871795601e+01 6.000000000000000000e+00 4.077524038461538680e+01 3.454466060950205919e-01 4.284855769230769340e+01
1.050000000000000000e+02 4.158818855513376881e-05 1.868681801005828425e-01 5.911097633532989004e-01 8.413461538461538680e+01 6.000000000000000000e+00 4.077524038461538680e+01 3.454466060950205919e-01 4.284855769230769340e+01
1.060000000000000000e+02 3.971641173621428660e-05 1.867710679276915753e-01 5.886314824605599627e-01 8.397435897435897800e+01 6.000000000000000000e+00 4.077524038461538680e+01 3.454466060950205919e-01 4.284855769230769340e+01
1.070000000000000000e+02 3.792887875145938920e-05 1.867287323001987631e-01 5.886567716415112006e-01 8.414463141025640880e+01 6.000000000000000000e+00 4.077524038461538680e+01 3.454466060950205919e-01 4.284855769230769340e+01
1.080000000000000000e+02 3.622179800374969346e-05 1.867790369455479271e-01 5.914274943180573008e-01 8.425480769230769340e+01 6.000000000000000000e+00 4.077524038461538680e+01 3.454466060950205919e-01 4.284855769230769340e+01
1.090000000000000000e+02 3.459154854594700924e-05 1.867375934173252927e-01 5.914504260588915319e-01 8.410456730769230660e+01 6.000000000000000000e+00 4.077524038461538680e+01 3.454466060950205919e-01 4.284855769230769340e+01
1.100000000000000000e+02 3.303467240037997950e-05 1.865735237509751065e-01 5.934393337139716174e-01 8.386418269230769340e+01 6.000000000000000000e+00 4.077524038461538680e+01 3.454466060950205919e-01 4.284855769230769340e+01
1.110000000000000000e+02 3.154786722400983623e-05 1.869116495709773895e-01 5.941480168929467176e-01 8.418469551282051100e+01 6.000000000000000000e+00 4.077524038461538680e+01 3.454466060950205919e-01 4.284855769230769340e+01
1.120000000000000000e+02 3.012797930371805544e-05 1.868597483585688612e-01 5.903465327544089591e-01 8.417467948717948900e+01 6.000000000000000000e+00 4.077524038461538680e+01 3.454466060950205919e-01 4.284855769230769340e+01
1.130000000000000000e+02 2.877199686685800821e-05 1.864730903432388898e-01 5.926867601199027336e-01 8.416466346153845279e+01 6.000000000000000000e+00 4.077524038461538680e+01 3.454466060950205919e-01 4.284855769230769340e+01
1.140000000000000000e+02 2.747704369288138287e-05 1.864174163292262043e-01 5.953894035938458451e-01 8.419471153846154721e+01 6.000000000000000000e+00 4.077524038461538680e+01 3.454466060950205919e-01 4.284855769230769340e+01
1.150000000000000000e+02 2.624037301248877897e-05 1.864305855567790215e-01 5.927306887431021964e-01 8.427483974358975161e+01 6.000000000000000000e+00 4.077524038461538680e+01 3.454466060950205919e-01 4.284855769230769340e+01
1.160000000000000000e+02 2.505936168136375784e-05 1.860687959785303769e-01 5.909570616025191514e-01 8.408453525641024839e+01 6.000000000000000000e+00 4.077524038461538680e+01 3.454466060950205919e-01 4.284855769230769340e+01
1.170000000000000000e+02 2.393150461613205427e-05 1.866699892381006032e-01 5.925148855417202709e-01 8.397435897435897800e+01 6.000000000000000000e+00 4.077524038461538680e+01 3.454466060950205919e-01 4.284855769230769340e+01
1.180000000000000000e+02 2.285440948074388357e-05 1.861817507950727646e-01 5.923997484720670004e-01 8.424479166666665719e+01 6.000000000000000000e+00 4.077524038461538680e+01 3.454466060950205919e-01 4.284855769230769340e+01
1.190000000000000000e+02 2.182579161200842540e-05 1.860961429097435782e-01 5.923464726179074047e-01 8.402443910256410220e+01 6.000000000000000000e+00 4.077524038461538680e+01 3.454466060950205919e-01 4.284855769230769340e+01
1.200000000000000000e+02 2.084346917351689114e-05 1.862627845411458372e-01 5.920698551031259305e-01 8.429487179487179560e+01 6.000000000000000000e+00 4.077524038461538680e+01 3.454466060950205919e-01 4.284855769230769340e+01
1.210000000000000000e+02 1.990535852767497943e-05 1.860693520504581033e-01 5.901220104633233543e-01 8.399439102564102200e+01 6.000000000000000000e+00 4.077524038461538680e+01 3.454466060950205919e-01 4.284855769230769340e+01
1.220000000000000000e+02 1.900946981602817364e-05 1.863692165406282408e-01 5.932260514833987974e-01 8.416466346153845279e+01 6.000000000000000000e+00 4.077524038461538680e+01 3.454466060950205919e-01 4.284855769230769340e+01
1.230000000000000000e+02 1.815390273850517504e-05 1.860861476541550708e-01 5.933189651904962059e-01 8.398437500000000000e+01 6.000000000000000000e+00 4.077524038461538680e+01 3.454466060950205919e-01 4.284855769230769340e+01
1.240000000000000000e+02 1.733684252262668543e-05 1.861828780863895860e-01 5.944104882387014621e-01 8.407451923076922640e+01 6.000000000000000000e+00 4.077524038461538680e+01 3.454466060950205919e-01 4.284855769230769340e+01
1.250000000000000000e+02 1.655655607412965334e-05 1.863812582305640342e-01 5.956259377491779361e-01 8.417467948717948900e+01 6.000000000000000000e+00 4.077524038461538680e+01 3.454466060950205919e-01 4.284855769230769340e+01
1.260000000000000000e+02 1.581138830084199252e-05 1.863015808103498372e-01 5.945304678036615886e-01 8.410456730769230660e+01 6.000000000000000000e+00 4.077524038461538680e+01 3.454466060950205919e-01 4.284855769230769340e+01
1.270000000000000000e+02 1.509975860201017393e-05 1.857992968037108783e-01 5.952841685368464031e-01 8.413461538461538680e+01 6.000000000000000000e+00 4.077524038461538680e+01 3.454466060950205919e-01 4.284855769230769340e+01
1.280000000000000000e+02 1.442015751563311961e-05 1.860778081515603866e-01 5.950386493633954554e-01 8.425480769230769340e+01 6.000000000000000000e+00 4.077524038461538680e+01 3.454466060950205919e-01 4.284855769230769340e+01
1.290000000000000000e+02 1.377114351669091805e-05 1.861461632507891706e-01 5.957375665505727502e-01 8.412459935897436480e+01 6.000000000000000000e+00 4.077524038461538680e+01 3.454466060950205919e-01 4.284855769230769340e+01
1.300000000000000000e+02 1.315133995947699176e-05 1.858379238893178020e-01 5.948675504097571398e-01 8.418469551282051100e+01 6.000000000000000000e+00 4.077524038461538680e+01 3.454466060950205919e-01 4.284855769230769340e+01
1.310000000000000000e+02 1.255943215754798040e-05 1.861719605351282447e-01 5.950337365651742205e-01 8.399439102564102200e+01 6.000000000000000000e+00 4.077524038461538680e+01 3.454466060950205919e-01 4.284855769230769340e+01
1.320000000000000000e+02 1.199416459509752978e-05 1.861354510646220928e-01 5.941298764485579698e-01 8.412459935897436480e+01 6.000000000000000000e+00 4.077524038461538680e+01 3.454466060950205919e-01 4.284855769230769340e+01
1.330000000000000000e+02 1.145433826383894056e-05 1.864096010273153248e-01 5.936163870187906033e-01 8.412459935897436480e+01 6.000000000000000000e+00 4.077524038461538680e+01 3.454466060950205919e-01 4.284855769230769340e+01
1.340000000000000000e+02 1.093880811974783576e-05 1.859454532546445382e-01 5.963601974340585476e-01 8.417467948717948900e+01 6.000000000000000000e+00 4.077524038461538680e+01 3.454466060950205919e-01 4.284855769230769340e+01
1.350000000000000000e+02 1.044648065427026722e-05 1.861228035008611892e-01 5.937891946389124431e-01 8.394431089743589780e+01 6.000000000000000000e+00 4.077524038461538680e+01 3.454466060950205919e-01 4.284855769230769340e+01
1.360000000000000000e+02 9.976311574844465955e-06 1.861216453973912055e-01 5.956278229371095856e-01 8.421474358974359120e+01 6.000000000000000000e+00 4.077524038461538680e+01 3.454466060950205919e-01 4.284855769230769340e+01
1.370000000000000000e+02 9.527303589816301350e-06 1.858106518087308257e-01 5.948936618291414957e-01 8.425480769230769340e+01 6.000000000000000000e+00 4.077524038461538680e+01 3.454466060950205919e-01 4.284855769230769340e+01
1.380000000000000000e+02 9.098504293049979616e-06 1.858442732864175051e-01 5.928629399874271177e-01 8.398437500000000000e+01 6.000000000000000000e+00 4.077524038461538680e+01 3.454466060950205919e-01 4.284855769230769340e+01
1.390000000000000000e+02 8.689004143746937838e-06 1.857944681871035730e-01 5.919142648195608869e-01 8.417467948717948900e+01 6.000000000000000000e+00 4.077524038461538680e+01 3.454466060950205919e-01 4.284855769230769340e+01
1.400000000000000000e+02 8.297934537187861767e-06 1.858997255563736017e-01 5.939373075962066650e-01 8.401442307692306599e+01 6.000000000000000000e+00 4.077524038461538680e+01 3.454466060950205919e-01 4.284855769230769340e+01
1.410000000000000000e+02 7.924465962305623129e-06 1.857219091131667443e-01 5.956299954499953975e-01 8.415464743589743080e+01 6.000000000000000000e+00 4.077524038461538680e+01 3.454466060950205919e-01 4.284855769230769340e+01
1.420000000000000000e+02 7.567806242181094136e-06 1.858990583291723619e-01 5.948998584197118245e-01 8.420472756410256920e+01 6.000000000000000000e+00 4.077524038461538680e+01 3.454466060950205919e-01 4.284855769230769340e+01
1.430000000000000000e+02 7.227198853729689230e-06 1.857994860607730392e-01 5.921581838375482576e-01 8.402443910256410220e+01 6.000000000000000000e+00 4.077524038461538680e+01 3.454466060950205919e-01 4.284855769230769340e+01
1.440000000000000000e+02 6.901921323014473563e-06 1.858726763774540824e-01 5.956933880463625153e-01 8.431490384615383959e+01 6.000000000000000000e+00 4.077524038461538680e+01 3.454466060950205919e-01 4.284855769230769340e+01
1.450000000000000000e+02 6.591283692782082914e-06 1.859350611601979231e-01 5.955347479918063902e-01 8.428485576923077360e+01 6.000000000000000000e+00 4.077524038461538680e+01 3.454466060950205919e-01 4.284855769230769340e+01
1.460000000000000000e+02 6.294627058970881393e-06 1.859992050927532503e-01 5.970193300491724031e-01 8.428485576923077360e+01 6.000000000000000000e+00 4.077524038461538680e+01 3.454466060950205919e-01 4.284855769230769340e+01
1.470000000000000000e+02 6.011322173087108245e-06 1.859762779198402272e-01 5.937821727532607285e-01 8.419471153846154721e+01 6.000000000000000000e+00 4.077524038461538680e+01 3.454466060950205919e-01 4.284855769230769340e+01
1.480000000000000000e+02 5.740768107484456030e-06 1.858159331250781865e-01 5.955489789828275482e-01 8.416466346153845279e+01 6.000000000000000000e+00 4.077524038461538680e+01 3.454466060950205919e-01 4.284855769230769340e+01
1.490000000000000000e+02 5.482390980715965730e-06 1.854693483961515066e-01 5.955939835462814580e-01 8.418469551282051100e+01 6.000000000000000000e+00 4.077524038461538680e+01 3.454466060950205919e-01 4.284855769230769340e+01
1.500000000000000000e+02 5.235642740254536719e-06 1.855528439864639334e-01 5.962387430362212637e-01 8.421474358974359120e+01 6.000000000000000000e+00 4.077524038461538680e+01 3.454466060950205919e-01 4.284855769230769340e+01
1.510000000000000000e+02 5.000000000000037678e-06 1.859302230117734767e-01 5.939836998780568811e-01 8.405448717948718240e+01 6.000000000000000000e+00 4.077524038461538680e+01 3.454466060950205919e-01 4.284855769230769340e+01
1.520000000000000000e+02 4.774962930107215754e-06 1.859478386226764424e-01 5.940367632951492061e-01 8.412459935897436480e+01 6.000000000000000000e+00 4.077524038461538680e+01 3.454466060950205919e-01 4.284855769230769340e+01
1.530000000000000000e+02 4.560054196779582914e-06 1.857467430435921496e-01 5.951955119768778113e-01 8.395432692307693401e+01 6.000000000000000000e+00 4.077524038461538680e+01 3.454466060950205919e-01 4.284855769230769340e+01
1.540000000000000000e+02 4.354817949780435828e-06 1.857612276619130809e-01 5.947625828094971201e-01 8.412459935897436480e+01 6.000000000000000000e+00 4.077524038461538680e+01 3.454466060950205919e-01 4.284855769230769340e+01
1.550000000000000000e+02 4.158818855513386029e-06 1.859387563772438023e-01 5.962140758832296106e-01 8.418469551282051100e+01 6.000000000000000000e+00 4.077524038461538680e+01 3.454466060950205919e-01 4.284855769230769340e+01
1.560000000000000000e+02 3.971641173621437131e-06 1.858151527722019802e-01 5.958795753809121853e-01 8.420472756410256920e+01 6.000000000000000000e+00 4.077524038461538680e+01 3.454466060950205919e-01 4.284855769230769340e+01
1.570000000000000000e+02 3.792887875145947475e-06 1.856165054415868376e-01 5.953644842673571080e-01 8.426482371794872961e+01 6.000000000000000000e+00 4.077524038461538680e+01 3.454466060950205919e-01 4.284855769230769340e+01
1.580000000000000000e+02 3.622179800374977901e-06 1.857910870520536606e-01 5.936605288432195149e-01 8.414463141025640880e+01 6.000000000000000000e+00 4.077524038461538680e+01 3.454466060950205919e-01 4.284855769230769340e+01
1.590000000000000000e+02 3.459154854594708801e-06 1.856934775990888020e-01 5.931358719483400543e-01 8.401442307692306599e+01 6.000000000000000000e+00 4.077524038461538680e+01 3.454466060950205919e-01 4.284855769230769340e+01
1.600000000000000000e+02 3.303467240038005489e-06 1.855173151847744895e-01 5.956895527167197502e-01 8.407451923076922640e+01 6.000000000000000000e+00 4.077524038461538680e+01 3.454466060950205919e-01 4.284855769230769340e+01
1.610000000000000000e+02 3.154786722400990654e-06 1.855909564032042214e-01 5.946558507589193576e-01 8.422475961538461320e+01 6.000000000000000000e+00 4.077524038461538680e+01 3.454466060950205919e-01 4.284855769230769340e+01
1.620000000000000000e+02 3.012797930371811982e-06 1.857631282619208457e-01 5.977508739019051776e-01 8.413461538461538680e+01 6.000000000000000000e+00 4.077524038461538680e+01 3.454466060950205919e-01 4.284855769230769340e+01
1.630000000000000000e+02 2.877199686685807089e-06 1.856748868857533430e-01 5.949850487403380850e-01 8.402443910256410220e+01 6.000000000000000000e+00 4.077524038461538680e+01 3.454466060950205919e-01 4.284855769230769340e+01
1.640000000000000000e+02 2.747704369288144132e-06 1.857273056733706740e-01 5.953593796644455205e-01 8.412459935897436480e+01 6.000000000000000000e+00 4.077524038461538680e+01 3.454466060950205919e-01 4.284855769230769340e+01
1.650000000000000000e+02 2.624037301248883572e-06 1.854960969410651972e-01 5.948622799836672526e-01 8.427483974358975161e+01 6.000000000000000000e+00 4.077524038461538680e+01 3.454466060950205919e-01 4.284855769230769340e+01
1.660000000000000000e+02 2.505936168136381120e-06 1.856693250088652380e-01 5.953416740282987396e-01 8.408453525641024839e+01 6.000000000000000000e+00 4.077524038461538680e+01 3.454466060950205919e-01 4.284855769230769340e+01
1.670000000000000000e+02 2.393150461613210763e-06 1.857407312501560548e-01 5.939450210485702764e-01 8.416466346153845279e+01 6.000000000000000000e+00 4.077524038461538680e+01 3.454466060950205919e-01 4.284855769230769340e+01
1.680000000000000000e+02 2.285440948074393269e-06 1.852262301385895205e-01 5.978022271241897334e-01 8.413461538461538680e+01 6.000000000000000000e+00 4.077524038461538680e+01 3.454466060950205919e-01 4.284855769230769340e+01
1.690000000000000000e+02 2.182579161200847368e-06 1.853828047917893962e-01 5.954442796034690177e-01 8.427483974358975161e+01 6.000000000000000000e+00 4.077524038461538680e+01 3.454466060950205919e-01 4.284855769230769340e+01
1.700000000000000000e+02 2.084346917351693942e-06 1.855134826553754557e-01 5.943885483802893166e-01 8.398437500000000000e+01 6.000000000000000000e+00 4.077524038461538680e+01 3.454466060950205919e-01 4.284855769230769340e+01
1.710000000000000000e+02 1.990535852767502347e-06 1.858582848113430330e-01 5.946632914054088559e-01 8.403445512820513841e+01 6.000000000000000000e+00 4.077524038461538680e+01 3.454466060950205919e-01 4.284855769230769340e+01
1.720000000000000000e+02 1.900946981602821430e-06 1.853995362589181961e-01 5.952357901976659260e-01 8.404447115384616041e+01 6.000000000000000000e+00 4.077524038461538680e+01 3.454466060950205919e-01 4.284855769230769340e+01
1.730000000000000000e+02 1.815390273850521654e-06 1.857650130987167358e-01 5.934545749273055781e-01 8.430488782051281760e+01 6.000000000000000000e+00 4.077524038461538680e+01 3.454466060950205919e-01 4.284855769230769340e+01
1.740000000000000000e+02 1.733684252262672609e-06 1.854306630359208174e-01 5.956920094979114566e-01 8.415464743589743080e+01 6.000000000000000000e+00 4.077524038461538680e+01 3.454466060950205919e-01 4.284855769230769340e+01
1.750000000000000000e+02 1.655655607412969315e-06 1.851958144548510599e-01 5.942938977327102412e-01 8.415464743589743080e+01 6.000000000000000000e+00 4.077524038461538680e+01 3.454466060950205919e-01 4.284855769230769340e+01
1.760000000000000000e+02 1.581138830084202936e-06 1.855913592764168729e-01 5.949524648678607974e-01 8.411458333333334281e+01 6.000000000000000000e+00 4.077524038461538680e+01 3.454466060950205919e-01 4.284855769230769340e+01
1.770000000000000000e+02 1.509975860201020866e-06 1.855963520767275055e-01 5.947543245095473496e-01 8.395432692307693401e+01 6.000000000000000000e+00 4.077524038461538680e+01 3.454466060950205919e-01 4.284855769230769340e+01
1.780000000000000000e+02 1.442015751563315222e-06 1.853481936306992928e-01 5.955096979935964319e-01 8.406450320512820440e+01 6.000000000000000000e+00 4.077524038461538680e+01 3.454466060950205919e-01 4.284855769230769340e+01
1.790000000000000000e+02 1.377114351669095024e-06 1.857513605809408830e-01 5.935211579004923133e-01 8.414463141025640880e+01 6.000000000000000000e+00 4.077524038461538680e+01 3.454466060950205919e-01 4.284855769230769340e+01
1.800000000000000000e+02 1.315133995947702268e-06 1.855642846054282036e-01 5.946508829410259711e-01 8.416466346153845279e+01 6.000000000000000000e+00 4.077524038461538680e+01 3.454466060950205919e-01 4.284855769230769340e+01
1.810000000000000000e+02 1.255943215754800877e-06 1.858662080912550640e-01 5.973135790763757225e-01 8.427483974358975161e+01 6.000000000000000000e+00 4.077524038461538680e+01 3.454466060950205919e-01 4.284855769230769340e+01
1.820000000000000000e+02 1.199416459509755646e-06 1.856835602236188154e-01 5.984811224998571877e-01 8.419471153846154721e+01 6.000000000000000000e+00 4.077524038461538680e+01 3.454466060950205919e-01 4.284855769230769340e+01
1.830000000000000000e+02 1.145433826383896470e-06 1.855689726831499242e-01 5.943053479378039849e-01 8.417467948717948900e+01 6.000000000000000000e+00 4.077524038461538680e+01 3.454466060950205919e-01 4.284855769230769340e+01
1.840000000000000000e+02 1.093880811974785820e-06 1.853003681444924666e-01 5.945652455855638951e-01 8.409455128205127039e+01 6.000000000000000000e+00 4.077524038461538680e+01 3.454466060950205919e-01 4.284855769230769340e+01
1.850000000000000000e+02 1.044648065427028797e-06 1.855651621729874357e-01 5.976529916127523157e-01 8.428485576923077360e+01 6.000000000000000000e+00 4.077524038461538680e+01 3.454466060950205919e-01 4.284855769230769340e+01
1.860000000000000000e+02 9.976311574844484590e-07 1.853615187908992379e-01 5.955679615338643762e-01 8.398437500000000000e+01 6.000000000000000000e+00 4.077524038461538680e+01 3.454466060950205919e-01 4.284855769230769340e+01
1.870000000000000000e+02 9.527303589816318926e-07 1.851135279767769370e-01 5.919471918008266664e-01 8.390424679487179560e+01 6.000000000000000000e+00 4.077524038461538680e+01 3.454466060950205919e-01 4.284855769230769340e+01
1.880000000000000000e+02 9.098504293049996557e-07 1.857074321301515341e-01 5.959809514192434543e-01 8.403445512820513841e+01 6.000000000000000000e+00 4.077524038461538680e+01 3.454466060950205919e-01 4.284855769230769340e+01
1.890000000000000000e+02 8.689004143746953720e-07 1.855444153232022886e-01 5.972946148652297227e-01 8.435496794871795601e+01 6.000000000000000000e+00 4.077524038461538680e+01 3.454466060950205919e-01 4.284855769230769340e+01
1.900000000000000000e+02 8.297934537187876590e-07 1.856939536234563926e-01 5.974130256053729049e-01 8.422475961538461320e+01 6.000000000000000000e+00 4.077524038461538680e+01 3.454466060950205919e-01 4.284855769230769340e+01
1.910000000000000000e+02 7.924465962305638164e-07 1.855121158863887176e-01 5.971209422135964617e-01 8.411458333333334281e+01 6.000000000000000000e+00 4.077524038461538680e+01 3.454466060950205919e-01 4.284855769230769340e+01
1.920000000000000000e+02 7.567806242181108959e-07 1.855335976712959856e-01 5.952795445919036865e-01 8.419471153846154721e+01 6.000000000000000000e+00 4.077524038461538680e+01 3.454466060950205919e-01 4.284855769230769340e+01
1.930000000000000000e+02 7.227198853729703206e-07 1.857907874278785787e-01 5.993665166390247379e-01 8.423477564102563520e+01 6.000000000000000000e+00 4.077524038461538680e+01 3.454466060950205919e-01 4.284855769230769340e+01
1.940000000000000000e+02 6.901921323014486692e-07 1.857955192485131468e-01 5.935866970282334121e-01 8.392427884615383959e+01 6.000000000000000000e+00 4.077524038461538680e+01 3.454466060950205919e-01 4.284855769230769340e+01
1.950000000000000000e+02 6.591283692782095196e-07 1.856406232542242851e-01 5.961013344617990262e-01 8.418469551282051100e+01 6.000000000000000000e+00 4.077524038461538680e+01 3.454466060950205919e-01 4.284855769230769340e+01
1.960000000000000000e+02 6.294627058970893040e-07 1.852305011315779348e-01 5.950887424823565475e-01 8.393429487179486159e+01 6.000000000000000000e+00 4.077524038461538680e+01 3.454466060950205919e-01 4.284855769230769340e+01
1.970000000000000000e+02 6.011322173087118833e-07 1.856813335960561528e-01 5.929901653375381221e-01 8.395432692307693401e+01 6.000000000000000000e+00 4.077524038461538680e+01 3.454466060950205919e-01 4.284855769230769340e+01
1.980000000000000000e+02 5.740768107484465559e-07 1.853557211308440034e-01 5.980663551734044514e-01 8.421474358974359120e+01 6.000000000000000000e+00 4.077524038461538680e+01 3.454466060950205919e-01 4.284855769230769340e+01
1.990000000000000000e+02 5.482390980715975259e-07 1.857272674968419857e-01 5.972474599495912750e-01 8.406450320512820440e+01 6.000000000000000000e+00 4.077524038461538680e+01 3.454466060950205919e-01 4.284855769230769340e+01
2.000000000000000000e+02 5.235642740254545613e-07 1.855362591664653227e-01 5.966285253182436188e-01 8.427483974358975161e+01 6.000000000000000000e+00 4.077524038461538680e+01 3.454466060950205919e-01 4.284855769230769340e+01
