# Epoch, LR, Training Loss, Validation Loss, Validation Error, Best Epoch, Best Validation Error, Test Loss, Test Error
1.000000000000000000e+00 5.000000000000000104e-03 9.122884022562127715e-01 2.455474529510889514e+00 2.043269230769230660e+01 1.000000000000000000e+00 2.043269230769230660e+01 2.521206961228297239e+00 2.115384615384615330e+01
2.000000000000000000e+00 4.774962930107180294e-03 5.419197145261263060e-01 1.057158760535411357e+00 2.243589743589743790e+01 1.000000000000000000e+00 2.043269230769230660e+01 2.521206961228297239e+00 2.115384615384615330e+01
3.000000000000000000e+00 4.560054196779549270e-03 4.038230243482087700e-01 4.110510620551231509e-01 1.283052884615384670e+01 3.000000000000000000e+00 1.283052884615384670e+01 4.170880802930929665e-01 1.336137820512820440e+01
4.000000000000000000e+00 4.354817949780404041e-03 3.121887445449829102e-01 4.637114971111982453e-01 1.524439102564102733e+01 3.000000000000000000e+00 1.283052884615384670e+01 4.170880802930929665e-01 1.336137820512820440e+01
5.000000000000000000e+00 4.158818855513356227e-03 2.445222978529177082e-01 5.794856972419298868e-01 2.671274038461538680e+01 3.000000000000000000e+00 1.283052884615384670e+01 4.170880802930929665e-01 1.336137820512820440e+01
6.000000000000000000e+00 3.971641173621408630e-03 1.992261472501252739e-01 3.347009544571240558e-01 1.347155448717948723e+01 3.000000000000000000e+00 1.283052884615384670e+01 4.170880802930929665e-01 1.336137820512820440e+01
7.000000000000000000e+00 3.792887875145920136e-03 1.582803404644916034e-01 6.417739658783643275e-01 2.619190705128205465e+01 3.000000000000000000e+00 1.283052884615384670e+01 4.170880802930929665e-01 1.336137820512820440e+01
8.000000000000000000e+00 3.622179800374951755e-03 1.320820497839074459e-01 5.477813933140192049e-01 2.926682692307692335e+01 3.000000000000000000e+00 1.283052884615384670e+01 4.170880802930929665e-01 1.336137820512820440e+01
9.000000000000000000e+00 3.459154854594683956e-03 1.097720688895175295e-01 2.089638092961066673e-01 7.792467948717948900e+00 9.000000000000000000e+00 7.792467948717948900e+00 2.139071594828214351e-01 8.363381410256408799e+00
1.000000000000000000e+01 3.303467240037981714e-03 9.839256499942980461e-02 2.920947586878752111e-01 1.720753205128205110e+01 9.000000000000000000e+00 7.792467948717948900e+00 2.139071594828214351e-01 8.363381410256408799e+00
1.100000000000000000e+01 3.154786722400968173e-03 8.091566476382706929e-02 1.583644141180393095e-01 7.341746794871795601e+00 1.100000000000000000e+01 7.341746794871795601e+00 1.619901141295066183e-01 7.542067307692307487e+00
1.200000000000000000e+01 3.012797930371790677e-03 6.980073648063760128e-02 1.455667485984472043e-01 8.563701923076923350e+00 1.100000000000000000e+01 7.341746794871795601e+00 1.619901141295066183e-01 7.542067307692307487e+00
1.300000000000000000e+01 2.877199686685786781e-03 5.979691308579946490e-02 1.220539553234210317e-01 7.441907051282051100e+00 1.100000000000000000e+01 7.341746794871795601e+00 1.619901141295066183e-01 7.542067307692307487e+00
1.400000000000000000e+01 2.747704369288124938e-03 5.368371386277048102e-02 1.446583702778204972e-01 8.373397435897436125e+00 1.100000000000000000e+01 7.341746794871795601e+00 1.619901141295066183e-01 7.542067307692307487e+00
1.500000000000000000e+01 2.624037301248865334e-03 4.657181215129400226e-02 1.585973855585623982e-01 9.745592948717948900e+00 1.100000000000000000e+01 7.341746794871795601e+00 1.619901141295066183e-01 7.542067307692307487e+00
1.600000000000000000e+01 2.505936168136363613e-03 4.029218479990959167e-02 5.986085159656329147e-01 4.781650641025640880e+01 1.100000000000000000e+01 7.341746794871795601e+00 1.619901141295066183e-01 7.542067307692307487e+00
1.700000000000000000e+01 2.393150461613193988e-03 3.432442336098143892e-02 4.114109239517114158e-01 3.305288461538461320e+01 1.100000000000000000e+01 7.341746794871795601e+00 1.619901141295066183e-01 7.542067307692307487e+00
1.800000000000000000e+01 2.285440948074377379e-03 3.321633713417931899e-02 1.393448204184189743e-01 8.984375000000000000e+00 1.100000000000000000e+01 7.341746794871795601e+00 1.619901141295066183e-01 7.542067307692307487e+00
1.900000000000000000e+01 2.182579161200832226e-03 3.079805101611112275e-02 2.204167200968815687e-01 1.494391025641025550e+01 1.100000000000000000e+01 7.341746794871795601e+00 1.619901141295066183e-01 7.542067307692307487e+00
2.000000000000000000e+01 2.084346917351679370e-03 2.874902871094251952e-02 1.064186372244969453e-01 8.824118589743591201e+00 1.100000000000000000e+01 7.341746794871795601e+00 1.619901141295066183e-01 7.542067307692307487e+00
2.100000000000000000e+01 1.990535852767488442e-03 2.734326728080448479e-02 4.073033348107949481e-01 5.329527243589743080e+01 1.100000000000000000e+01 7.341746794871795601e+00 1.619901141295066183e-01 7.542067307692307487e+00
2.200000000000000000e+01 1.900946981602808080e-03 2.571021677239945097e-02 1.014100479391904924e-01 7.191506410256409687e+00 2.200000000000000000e+01 7.191506410256409687e+00 1.025316711419667903e-01 7.181490384615384137e+00
2.300000000000000000e+01 1.815390273850508735e-03 2.292979753723270106e-02 3.751015728100752233e-01 3.531650641025640880e+01 2.200000000000000000e+01 7.191506410256409687e+00 1.025316711419667903e-01 7.181490384615384137e+00
2.400000000000000000e+01 1.733684252262660290e-03 2.232319587155392332e-02 2.337533239370737370e-01 2.292668269230769340e+01 2.200000000000000000e+01 7.191506410256409687e+00 1.025316711419667903e-01 7.181490384615384137e+00
2.500000000000000000e+01 1.655655607412957623e-03 1.924315222391956640e-02 9.966077832266306835e-02 7.702323717948718063e+00 2.200000000000000000e+01 7.191506410256409687e+00 1.025316711419667903e-01 7.181490384615384137e+00
2.600000000000000000e+01 1.581138830084191866e-03 1.664897926936024022e-02 2.026607447709792564e-01 1.686698717948718240e+01 2.200000000000000000e+01 7.191506410256409687e+00 1.025316711419667903e-01 7.181490384615384137e+00
2.700000000000000000e+01 1.509975860201010238e-03 1.571651322669104581e-02 1.158042897780736241e-01 8.183092948717948900e+00 2.200000000000000000e+01 7.191506410256409687e+00 1.025316711419667903e-01 7.181490384615384137e+00
2.800000000000000000e+01 1.442015751563305130e-03 1.580124044496762289e-02 1.254146913878428637e-01 1.067708333333333215e+01 2.200000000000000000e+01 7.191506410256409687e+00 1.025316711419667903e-01 7.181490384615384137e+00
2.900000000000000000e+01 1.377114351669085374e-03 1.536458892453657944e-02 1.051518175846491154e-01 6.850961538461539213e+00 2.900000000000000000e+01 6.850961538461539213e+00 1.094304148871929200e-01 7.141426282051281937e+00
3.000000000000000000e+01 1.315133995947693037e-03 1.493323976664166775e-02 2.095831038478093156e-01 1.888020833333333570e+01 2.900000000000000000e+01 6.850961538461539213e+00 1.094304148871929200e-01 7.141426282051281937e+00
3.100000000000000000e+01 1.255943215754792104e-03 1.339281124896124844e-02 1.861828187337288554e-01 1.378205128205128283e+01 2.900000000000000000e+01 6.850961538461539213e+00 1.094304148871929200e-01 7.141426282051281937e+00
3.200000000000000000e+01 1.199416459509747334e-03 1.215527069411779723e-02 3.022748556656715269e-01 3.817107371794871540e+01 2.900000000000000000e+01 6.850961538461539213e+00 1.094304148871929200e-01 7.141426282051281937e+00
3.300000000000000000e+01 1.145433826383888574e-03 9.342537923274855591e-03 9.604066166167075924e-02 9.364983974358974450e+00 2.900000000000000000e+01 6.850961538461539213e+00 1.094304148871929200e-01 7.141426282051281937e+00
3.400000000000000000e+01 1.093880811974778195e-03 1.094547654257008867e-02 3.659349179420715581e-01 5.468750000000000000e+01 2.900000000000000000e+01 6.850961538461539213e+00 1.094304148871929200e-01 7.141426282051281937e+00
3.500000000000000000e+01 1.044648065427021674e-03 9.766953899280020335e-03 1.112676394673494246e-01 8.643830128205127750e+00 2.900000000000000000e+01 6.850961538461539213e+00 1.094304148871929200e-01 7.141426282051281937e+00
3.600000000000000000e+01 9.976311574844416285e-04 7.948575271783690430e-03 9.099783643315999260e-02 8.203125000000000000e+00 2.900000000000000000e+01 6.850961538461539213e+00 1.094304148871929200e-01 7.141426282051281937e+00
3.700000000000000000e+01 9.527303589816253984e-04 8.708477878060779526e-03 1.530391636949319234e-01 1.491386217948718063e+01 2.900000000000000000e+01 6.850961538461539213e+00 1.094304148871929200e-01 7.141426282051281937e+00
3.800000000000000000e+01 9.098504293049934893e-04 8.773535980205787038e-03 6.485946490787543317e-02 6.209935897435897800e+00 3.800000000000000000e+01 6.209935897435897800e+00 6.656355463350430157e-02 6.450320512820513663e+00
3.900000000000000000e+01 8.689004143746894334e-04 7.675674253780590678e-03 8.507527430088092368e-02 7.131410256410256387e+00 3.800000000000000000e+01 6.209935897435897800e+00 6.656355463350430157e-02 6.450320512820513663e+00
4.000000000000000000e+01 8.297934537187819483e-04 7.606197687748231066e-03 1.821433854026672239e-01 2.232572115384615330e+01 3.800000000000000000e+01 6.209935897435897800e+00 6.656355463350430157e-02 6.450320512820513663e+00
4.100000000000000000e+01 7.924465962305583420e-04 7.204043262295033168e-03 1.017171505074470489e-01 8.814102564102563875e+00 3.800000000000000000e+01 6.209935897435897800e+00 6.656355463350430157e-02 6.450320512820513663e+00
4.200000000000000000e+01 7.567806242181056731e-04 7.318278333466304159e-03 1.286443482415798312e-01 8.924278846153846700e+00 3.800000000000000000e+01 6.209935897435897800e+00 6.656355463350430157e-02 6.450320512820513663e+00
4.300000000000000000e+01 7.227198853729652943e-04 6.671083674423004817e-03 1.887766208786230693e-01 1.943108974358974450e+01 3.800000000000000000e+01 6.209935897435897800e+00 6.656355463350430157e-02 6.450320512820513663e+00
4.400000000000000000e+01 6.901921323014439513e-04 7.393751097352881455e-03 2.028247910814407473e-01 2.222556089743589780e+01 3.800000000000000000e+01 6.209935897435897800e+00 6.656355463350430157e-02 6.450320512820513663e+00
4.500000000000000000e+01 6.591283692782050558e-04 6.900910974333160711e-03 1.017223868805628567e-01 8.133012820512821150e+00 3.800000000000000000e+01 6.209935897435897800e+00 6.656355463350430157e-02 6.450320512820513663e+00
4.600000000000000000e+01 6.294627058970850460e-04 7.114048103654855085e-03 1.235204228223898415e-01 1.131810897435897445e+01 3.800000000000000000e+01 6.209935897435897800e+00 6.656355463350430157e-02 6.450320512820513663e+00
4.700000000000000000e+01 6.011322173087079107e-04 5.585444895060439133e-03 1.108595231213630738e-01 8.122996794871795601e+00 3.800000000000000000e+01 6.209935897435897800e+00 6.656355463350430157e-02 6.450320512820513663e+00
4.800000000000000000e+01 5.740768107484427434e-04 6.092707552996121274e-03 2.249620493787985454e-01 2.397836538461538680e+01 3.800000000000000000e+01 6.209935897435897800e+00 6.656355463350430157e-02 6.450320512820513663e+00
4.900000000000000000e+01 5.482390980715938760e-04 5.255252502760605036e-03 4.988626987697222098e-02 5.088141025641025550e+00 4.900000000000000000e+01 5.088141025641025550e+00 5.368019707309894251e-02 5.689102564102563875e+00
5.000000000000000000e+01 5.235642740254511105e-04 5.953861866146326065e-03 3.069245423644016979e-01 4.194711538461538680e+01 4.900000000000000000e+01 5.088141025641025550e+00 5.368019707309894251e-02 5.689102564102563875e+00
5.100000000000000000e+01 5.000000000000013115e-04 6.717738891510586716e-03 2.690876714694194205e-01 3.355368589743589780e+01 4.900000000000000000e+01 5.088141025641025550e+00 5.368019707309894251e-02 5.689102564102563875e+00
5.200000000000000000e+01 4.774962930107192545e-04 6.169356258684082807e-03 9.979764677775211645e-02 8.473557692307693401e+00 4.900000000000000000e+01 5.088141025641025550e+00 5.368019707309894251e-02 5.689102564102563875e+00
5.300000000000000000e+01 4.560054196779561196e-04 4.736855577089284230e-03 5.927906753734136364e-02 5.879407051282051100e+00 4.900000000000000000e+01 5.088141025641025550e+00 5.368019707309894251e-02 5.689102564102563875e+00
5.400000000000000000e+01 4.354817949780415533e-04 4.718287161698466944e-03 6.244500860189779873e-02 5.308493589743589425e+00 4.900000000000000000e+01 5.088141025641025550e+00 5.368019707309894251e-02 5.689102564102563875e+00
5.500000000000000000e+01 4.158818855513366853e-04 4.673030313202424825e-03 1.552178758459213381e-01 1.650641025641025550e+01 4.900000000000000000e+01 5.088141025641025550e+00 5.368019707309894251e-02 5.689102564102563875e+00
5.600000000000000000e+01 3.971641173621419038e-04 5.147385508998444069e-03 3.111860904938135164e-01 4.547275641025640880e+01 4.900000000000000000e+01 5.088141025641025550e+00 5.368019707309894251e-02 5.689102564102563875e+00
5.700000000000000000e+01 3.792887875145930111e-04 5.529933118898617411e-03 5.402239911162700498e-02 5.128205128205127750e+00 4.900000000000000000e+01 5.088141025641025550e+00 5.368019707309894251e-02 5.689102564102563875e+00
5.800000000000000000e+01 3.622179800374961079e-04 4.054978440858815480e-03 1.084953564672898052e-01 9.084535256410255499e+00 4.900000000000000000e+01 5.088141025641025550e+00 5.368019707309894251e-02 5.689102564102563875e+00
5.900000000000000000e+01 3.459154854594693063e-04 5.122077136643622686e-03 8.243338176264213002e-02 7.051282051282051100e+00 4.900000000000000000e+01 5.088141025641025550e+00 5.368019707309894251e-02 5.689102564102563875e+00
6.000000000000000000e+01 3.303467240037990496e-04 4.642111175742588865e-03 1.101204116757099477e-01 9.795673076923076650e+00 4.900000000000000000e+01 5.088141025641025550e+00 5.368019707309894251e-02 5.689102564102563875e+00
6.100000000000000000e+01 3.154786722400976305e-04 4.911595538846756648e-03 1.810172854516750862e-01 1.700721153846154010e+01 4.900000000000000000e+01 5.088141025641025550e+00 5.368019707309894251e-02 5.689102564102563875e+00
6.200000000000000000e+01 3.012797930371798700e-04 4.805455155866711174e-03 2.405921465311295082e-01 2.952724358974359120e+01 4.900000000000000000e+01 5.088141025641025550e+00 5.368019707309894251e-02 5.689102564102563875e+00
6.300000000000000000e+01 2.877199686685794045e-04 4.281149895273540784e-03 8.165512052484047434e-02 6.310096153846153300e+00 4.900000000000000000e+01 5.088141025641025550e+00 5.368019707309894251e-02 5.689102564102563875e+00
6.400000000000000000e+01 2.747704369288131985e-04 4.995766769800531054e-03 2.120168787928727872e-01 1.863982371794871540e+01 4.900000000000000000e+01 5.088141025641025550e+00 5.368019707309894251e-02 5.689102564102563875e+00
6.500000000000000000e+01 2.624037301248871730e-04 4.334841732327875292e-03 3.242931396533281219e-01 4.440104166666667140e+01 4.900000000000000000e+01 5.088141025641025550e+00 5.368019707309894251e-02 5.689102564102563875e+00
6.600000000000000000e+01 2.505936168136369685e-04 4.327470497963459457e-03 2.053174605736365621e-01 2.026241987179487225e+01 4.900000000000000000e+01 5.088141025641025550e+00 5.368019707309894251e-02 5.689102564102563875e+00
6.700000000000000000e+01 2.393150461613199735e-04 4.113548606830208336e-03 7.558712597267749911e-02 6.750801282051281937e+00 4.900000000000000000e+01 5.088141025641025550e+00 5.368019707309894251e-02 5.689102564102563875e+00
6.800000000000000000e+01 2.285440948074382800e-04 3.849081523520381850e-03 6.221165952201072880e-02 5.869391025641025550e+00 4.900000000000000000e+01 5.088141025641025550e+00 5.368019707309894251e-02 5.689102564102563875e+00
6.900000000000000000e+01 2.182579161200837322e-04 3.233134366669937389e-03 7.425416705126945682e-02 5.639022435897436125e+00 4.900000000000000000e+01 5.088141025641025550e+00 5.368019707309894251e-02 5.689102564102563875e+00
7.000000000000000000e+01 2.084346917351684303e-04 3.398202476091682911e-03 5.896613109283722204e-02 5.318509615384614975e+00 4.900000000000000000e+01 5.088141025641025550e+00 5.368019707309894251e-02 5.689102564102563875e+00
7.100000000000000000e+01 1.990535852767493267e-04 4.798953556210587036e-03 2.256989366351029869e-01 2.471955128205128460e+01 4.900000000000000000e+01 5.088141025641025550e+00 5.368019707309894251e-02 5.689102564102563875e+00
7.200000000000000000e+01 1.900946981602812688e-04 3.822154806632744456e-03 1.001397204131652119e-01 6.760817307692307487e+00 4.900000000000000000e+01 5.088141025641025550e+00 5.368019707309894251e-02 5.689102564102563875e+00
7.300000000000000000e+01 1.815390273850513235e-04 4.195618970123560394e-03 1.055610267779766021e-01 9.114583333333332149e+00 4.900000000000000000e+01 5.088141025641025550e+00 5.368019707309894251e-02 5.689102564102563875e+00
7.400000000000000000e+01 1.733684252262664410e-04 3.538008325880295443e-03 1.661088502941987510e-01 1.542467948717948723e+01 4.900000000000000000e+01 5.088141025641025550e+00 5.368019707309894251e-02 5.689102564102563875e+00
7.500000000000000000e+01 1.655655607412961472e-04 3.590009567376814276e-03 1.537830365391877896e-01 1.395232371794871717e+01 4.900000000000000000e+01 5.088141025641025550e+00 5.368019707309894251e-02 5.689102564102563875e+00
7.600000000000000000e+01 1.581138830084195389e-04 3.367019271919209546e-03 8.924095380382660037e-02 7.251602564102564763e+00 4.900000000000000000e+01 5.088141025641025550e+00 5.368019707309894251e-02 5.689102564102563875e+00
7.700000000000000000e+01 1.509975860201013599e-04 3.023031143177496577e-03 7.440848333331254172e-02 6.179887820512821150e+00 4.900000000000000000e+01 5.088141025641025550e+00 5.368019707309894251e-02 5.689102564102563875e+00
7.800000000000000000e+01 1.442015751563308166e-04 3.854025437153483623e-03 8.149481679384525112e-02 6.059695512820512775e+00 4.900000000000000000e+01 5.088141025641025550e+00 5.368019707309894251e-02 5.689102564102563875e+00
7.900000000000000000e+01 1.377114351669088247e-04 3.159871643507167118e-03 1.905614892259622217e-01 2.334735576923076650e+01 4.900000000000000000e+01 5.088141025641025550e+00 5.368019707309894251e-02 5.689102564102563875e+00
8.000000000000000000e+01 1.315133995947695856e-04 3.014019341208040714e-03 8.844300058598701664e-02 6.750801282051281937e+00 4.900000000000000000e+01 5.088141025641025550e+00 5.368019707309894251e-02 5.689102564102563875e+00
8.100000000000000000e+01 1.255943215754794923e-04 3.322916405618582970e-03 5.001585818349550683e-02 5.338541666666666075e+00 4.900000000000000000e+01 5.088141025641025550e+00 5.368019707309894251e-02 5.689102564102563875e+00
8.200000000000000000e+01 1.199416459509749963e-04 3.510439805196303911e-03 1.900326105264517063e-01 2.213541666666666430e+01 4.900000000000000000e+01 5.088141025641025550e+00 5.368019707309894251e-02 5.689102564102563875e+00
8.300000000000000000e+01 1.145433826383891041e-04 3.340977581070833993e-03 5.586915033367963884e-02 5.178285256410256387e+00 4.900000000000000000e+01 5.088141025641025550e+00 5.368019707309894251e-02 5.689102564102563875e+00
8.400000000000000000e+01 1.093880811974780662e-04 3.361607889497750593e-03 1.571743238048675662e-01 1.190905448717948723e+01 4.900000000000000000e+01 5.088141025641025550e+00 5.368019707309894251e-02 5.689102564102563875e+00
8.500000000000000000e+01 1.044648065427023978e-04 3.549665813089201462e-03 7.675487963626018151e-02 6.700721153846153300e+00 4.900000000000000000e+01 5.088141025641025550e+00 5.368019707309894251e-02 5.689102564102563875e+00
8.600000000000000000e+01 9.976311574844438511e-05 2.921564688317869907e-03 9.608815314295963972e-02 9.094551282051281049e+00 4.900000000000000000e+01 5.088141025641025550e+00 5.368019707309894251e-02 5.689102564102563875e+00
8.700000000000000000e+01 9.527303589816274584e-05 3.329396376533335852e-03 2.169957344348613926e-01 2.197516025641025550e+01 4.900000000000000000e+01 5.088141025641025550e+00 5.368019707309894251e-02 5.689102564102563875e+00
8.800000000000000000e+01 9.098504293049955222e-05 3.432462953864351494e-03 9.059309801803185069e-02 7.672275641025641413e+00 4.900000000000000000e+01 5.088141025641025550e+00 5.368019707309894251e-02 5.689102564102563875e+00
8.900000000000000000e+01 8.689004143746914121e-05 3.682362497784197330e-03 3.540180608248099103e-01 4.763621794871794890e+01 4.900000000000000000e+01 5.088141025641025550e+00 5.368019707309894251e-02 5.689102564102563875e+00
9.000000000000000000e+01 8.297934537187838728e-05 3.053188391372953659e-03 6.033225663197346045e-02 5.639022435897436125e+00 4.900000000000000000e+01 5.088141025641025550e+00 5.368019707309894251e-02 5.689102564102563875e+00
9.100000000000000000e+01 7.924465962305602123e-05 3.284405108149114454e-03 1.475771656021093725e-01 1.087740384615384670e+01 4.900000000000000000e+01 5.088141025641025550e+00 5.368019707309894251e-02 5.689102564102563875e+00
9.200000000000000000e+01 7.567806242181073808e-05 3.144312282337954033e-03 7.946565460700255601e-02 7.351762820512821150e+00 4.900000000000000000e+01 5.088141025641025550e+00 5.368019707309894251e-02 5.689102564102563875e+00
9.300000000000000000e+01 7.227198853729669748e-05 2.841301734167102182e-03 8.601460104378369498e-02 6.630608974358974450e+00 4.900000000000000000e+01 5.088141025641025550e+00 5.368019707309894251e-02 5.689102564102563875e+00
9.400000000000000000e+01 6.901921323014455776e-05 3.335686498566677559e-03 7.992587281534305199e-02 6.881009615384615863e+00 4.900000000000000000e+01 5.088141025641025550e+00 5.368019707309894251e-02 5.689102564102563875e+00
9.500000000000000000e+01 6.591283692782065465e-05 3.368704156999133021e-03 1.648102959570212356e-01 1.983173076923076650e+01 4.900000000000000000e+01 5.088141025641025550e+00 5.368019707309894251e-02 5.689102564102563875e+00
9.600000000000000000e+01 6.294627058970865639e-05 3.278036087163184887e-03 2.765509738371922377e-01 3.164062500000000000e+01 4.900000000000000000e+01 5.088141025641025550e+00 5.368019707309894251e-02 5.689102564102563875e+00
9.700000000000000000e+01 6.011322173087093338e-05 3.305522161290833962e-03 5.597882904112339020e-02 5.378605769230769162e+00 4.900000000000000000e+01 5.088141025641025550e+00 5.368019707309894251e-02 5.689102564102563875e+00
9.800000000000000000e+01 5.740768107484441800e-05 2.906577967989601701e-03 7.108318232572995166e-02 6.580528846153846700e+00 4.900000000000000000e+01 5.088141025641025550e+00 5.368019707309894251e-02 5.689102564102563875e+00
9.900000000000000000e+01 5.482390980715952177e-05 2.761199972347209465e-03 1.070456339571720511e-01 9.214743589743591201e+00 4.900000000000000000e+01 5.088141025641025550e+00 5.368019707309894251e-02 5.689102564102563875e+00
1.000000000000000000e+02 5.235642740254523844e-05 2.758614957871797883e-03 2.216506216388482442e-01 2.277644230769230660e+01 4.900000000000000000e+01 5.088141025641025550e+00 5.368019707309894251e-02 5.689102564102563875e+00
1.010000000000000000e+02 5.000000000000025312e-05 2.744502087711895699e-03 1.233640111600741301e-01 1.171875000000000000e+01 4.900000000000000000e+01 5.088141025641025550e+00 5.368019707309894251e-02 5.689102564102563875e+00
1.020000000000000000e+02 4.774962930107204065e-05 2.634726207409249926e-03 1.473312722757840754e-01 1.400240384615384670e+01 4.900000000000000000e+01 5.088141025641025550e+00 5.368019707309894251e-02 5.689102564102563875e+00
1.030000000000000000e+02 4.560054196779571902e-05 3.022744136519337887e-03 4.320417543968711055e-02 4.517227564102563875e+00 1.030000000000000000e+02 4.517227564102563875e+00 4.489919525356246555e-02 4.817708333333333925e+00
1.040000000000000000e+02 4.354817949780425833e-05 2.554142712860515106e-03 1.212070287229158883e-01 1.127804487179487225e+01 1.030000000000000000e+02 4.517227564102563875e+00 4.489919525356246555e-02 4.817708333333333925e+00
1.050000000000000000e+02 4.158818855513376881e-05 2.607076146983002430e-03 7.168217753179562113e-02 6.550480769230769162e+00 1.030000000000000000e+02 4.517227564102563875e+00 4.489919525356246555e-02 4.817708333333333925e+00
1.060000000000000000e+02 3.971641173621428660e-05 3.011562745086848736e-03 7.596300150721500832e-02 6.670673076923076650e+00 1.030000000000000000e+02 4.517227564102563875e+00 4.489919525356246555e-02 4.817708333333333925e+00
1.070000000000000000e+02 3.792887875145938920e-05 3.424902054432191461e-03 6.125349064285938450e-02 5.408653846153846700e+00 1.030000000000000000e+02 4.517227564102563875e+00 4.489919525356246555e-02 4.817708333333333925e+00
1.080000000000000000e+02 3.622179800374969346e-05 3.527765971069273150e-03 3.398504551404561980e-01 4.597355769230769340e+01 1.030000000000000000e+02 4.517227564102563875e+00 4.489919525356246555e-02 4.817708333333333925e+00
1.090000000000000000e+02 3.459154854594700924e-05 3.056777733084010268e-03 2.494628154314481316e-01 3.633814102564102200e+01 1.030000000000000000e+02 4.517227564102563875e+00 4.489919525356246555e-02 4.817708333333333925e+00
1.100000000000000000e+02 3.303467240037997950e-05 3.200822178960630905e-03 5.969733990824375308e-02 5.869391025641025550e+00 1.030000000000000000e+02 4.517227564102563875e+00 4.489919525356246555e-02 4.817708333333333925e+00
1.110000000000000000e+02 3.154786722400983623e-05 2.450402201104321092e-03 1.204340874384611099e-01 1.188902243589743613e+01 1.030000000000000000e+02 4.517227564102563875e+00 4.489919525356246555e-02 4.817708333333333925e+00
1.120000000000000000e+02 3.012797930371805544e-05 2.849201469584122879e-03 1.696612240794377335e-01 1.430288461538461497e+01 1.030000000000000000e+02 4.517227564102563875e+00 4.489919525356246555e-02 4.817708333333333925e+00
1.130000000000000000e+02 2.877199686685800821e-05 2.820432749821951378e-03 1.482173605607106093e-01 1.384214743589743613e+01 1.030000000000000000e+02 4.517227564102563875e+00 4.489919525356246555e-02 4.817708333333333925e+00
1.140000000000000000e+02 2.747704369288138287e-05 2.726167685499316859e-03 1.354456959435572927e-01 1.374198717948718063e+01 1.030000000000000000e+02 4.517227564102563875e+00 4.489919525356246555e-02 4.817708333333333925e+00
1.150000000000000000e+02 2.624037301248877897e-05 3.043600094602688568e-03 1.302562246146874436e-01 1.024639423076922995e+01 1.030000000000000000e+02 4.517227564102563875e+00 4.489919525356246555e-02 4.817708333333333925e+00
1.160000000000000000e+02 2.505936168136375784e-05 2.613211424384070253e-03 1.500938862371138938e-01 1.426282051282051277e+01 1.030000000000000000e+02 4.517227564102563875e+00 4.489919525356246555e-02 4.817708333333333925e+00
1.170000000000000000e+02 2.393150461613205427e-05 2.364801279710311479e-03 5.891598842273920028e-02 6.119791666666666075e+00 1.030000000000000000e+02 4.517227564102563875e+00 4.489919525356246555e-02 4.817708333333333925e+00
1.180000000000000000e+02 2.285440948074388357e-05 2.507551695759359205e-03 4.553946141058053815e-02 4.767628205128204399e+00 1.030000000000000000e+02 4.517227564102563875e+00 4.489919525356246555e-02 4.817708333333333925e+00
1.190000000000000000e+02 2.182579161200842540e-05 3.035405031895559245e-03 7.296639112516856152e-02 6.700721153846153300e+00 1.030000000000000000e+02 4.517227564102563875e+00 4.489919525356246555e-02 4.817708333333333925e+00
1.200000000000000000e+02 2.084346917351689114e-05 3.000274729473810607e-03 4.657681471405503149e-02 4.547275641025640525e+00 1.030000000000000000e+02 4.517227564102563875e+00 4.489919525356246555e-02 4.817708333333333925e+00
1.210000000000000000e+02 1.990535852767497943e-05 2.606555733731702549e-03 6.138567425883733469e-02 5.659054487179487225e+00 1.030000000000000000e+02 4.517227564102563875e+00 4.489919525356246555e-02 4.817708333333333925e+00
1.220000000000000000e+02 1.900946981602817364e-05 2.652038666909854823e-03 1.675822589641962346e-01 1.454326923076923173e+01 1.030000000000000000e+02 4.517227564102563875e+00 4.489919525356246555e-02 4.817708333333333925e+00
1.230000000000000000e+02 1.815390273850517504e-05 3.097693999543001640e-03 7.495591861124221988e-02 5.388621794871795601e+00 1.030000000000000000e+02 4.517227564102563875e+00 4.489919525356246555e-02 4.817708333333333925e+00
1.240000000000000000e+02 1.733684252262668543e-05 2.481948627208016307e-03 2.417007963626812694e-01 3.086939102564102555e+01 1.030000000000000000e+02 4.517227564102563875e+00 4.489919525356246555e-02 4.817708333333333925e+00
1.250000000000000000e+02 1.655655607412965334e-05 2.531539814203585381e-03 5.792134532179588069e-02 5.298477564102563875e+00 1.030000000000000000e+02 4.517227564102563875e+00 4.489919525356246555e-02 4.817708333333333925e+00
1.260000000000000000e+02 1.581138830084199252e-05 3.016079175531079758e-03 7.104538304683490069e-02 6.390224358974358587e+00 1.030000000000000000e+02 4.517227564102563875e+00 4.489919525356246555e-02 4.817708333333333925e+00
1.270000000000000000e+02 1.509975860201017393e-05 2.922479369628586381e-03 9.976175928918215585e-02 8.874198717948718951e+00 1.030000000000000000e+02 4.517227564102563875e+00 4.489919525356246555e-02 4.817708333333333925e+00
1.280000000000000000e+02 1.442015751563311961e-05 2.538417833612153542e-03 4.444241515384652480e-02 4.787660256410256387e+00 1.030000000000000000e+02 4.517227564102563875e+00 4.489919525356246555e-02 4.817708333333333925e+00
1.290000000000000000e+02 1.377114351669091805e-05 2.682132805746636778e-03 8.131079896329304613e-02 7.872596153846153300e+00 1.030000000000000000e+02 4.517227564102563875e+00 4.489919525356246555e-02 4.817708333333333925e+00
1.300000000000000000e+02 1.315133995947699176e-05 2.324167822830771214e-03 1.058925529225514528e-01 7.712339743589743613e+00 1.030000000000000000e+02 4.517227564102563875e+00 4.489919525356246555e-02 4.817708333333333925e+00
1.310000000000000000e+02 1.255943215754798040e-05 2.584662944029428571e-03 5.420419695572210872e-02 5.598958333333333925e+00 1.030000000000000000e+02 4.517227564102563875e+00 4.489919525356246555e-02 4.817708333333333925e+00
1.320000000000000000e+02 1.199416459509752978e-05 2.985196837567185169e-03 1.947650955273554918e-01 1.936097756410256210e+01 1.030000000000000000e+02 4.517227564102563875e+00 4.489919525356246555e-02 4.817708333333333925e+00
1.330000000000000000e+02 1.145433826383894056e-05 2.623693429325756228e-03 2.559928729748114362e-01 3.460536858974359120e+01 1.030000000000000000e+02 4.517227564102563875e+00 4.489919525356246555e-02 4.817708333333333925e+00
1.340000000000000000e+02 1.093880811974783576e-05 2.744630291616838389e-03 2.670504118387515557e-01 3.976362179487179560e+01 1.030000000000000000e+02 4.517227564102563875e+00 4.489919525356246555e-02 4.817708333333333925e+00
1.350000000000000000e+02 1.044648065427026722e-05 2.722028575494493240e-03 1.095236941025807265e-01 9.164663461538461675e+00 1.030000000000000000e+02 4.517227564102563875e+00 4.489919525356246555e-02 4.817708333333333925e+00
1.360000000000000000e+02 9.976311574844465955e-06 2.202354929115819121e-03 1.300159274385525587e-01 1.680689102564102555e+01 1.030000000000000000e+02 4.517227564102563875e+00 4.489919525356246555e-02 4.817708333333333925e+00
1.370000000000000000e+02 9.527303589816301350e-06 2.618363666299142450e-03 7.182093623739022048e-02 7.942708333333333037e+00 1.030000000000000000e+02 4.517227564102563875e+00 4.489919525356246555e-02 4.817708333333333925e+00
1.380000000000000000e+02 9.098504293049979616e-06 2.748299935391467028e-03 4.109912742980015299e-02 4.577323717948718063e+00 1.030000000000000000e+02 4.517227564102563875e+00 4.489919525356246555e-02 4.817708333333333925e+00
1.390000000000000000e+02 8.689004143746937838e-06 2.972968933662693911e-03 1.458874953289826804e-01 1.172876602564102555e+01 1.030000000000000000e+02 4.517227564102563875e+00 4.489919525356246555e-02 4.817708333333333925e+00
1.400000000000000000e+02 8.297934537187861767e-06 2.552311438576955385e-03 8.553753563990959541e-02 7.932692307692307487e+00 1.030000000000000000e+02 4.517227564102563875e+00 4.489919525356246555e-02 4.817708333333333925e+00
1.410000000000000000e+02 7.924465962305623129e-06 2.632248944504872543e-03 8.584108771995091480e-02 7.932692307692307487e+00 1.030000000000000000e+02 4.517227564102563875e+00 4.489919525356246555e-02 4.817708333333333925e+00
1.420000000000000000e+02 7.567806242181094136e-06 2.640101323394399100e-03 1.180499918185747565e-01 7.582131410256409687e+00 1.030000000000000000e+02 4.517227564102563875e+00 4.489919525356246555e-02 4.817708333333333925e+00
1.430000000000000000e+02 7.227198853729689230e-06 2.318568368393339723e-03 5.147238741987026495e-02 4.887820512820512775e+00 1.030000000000000000e+02 4.517227564102563875e+00 4.489919525356246555e-02 4.817708333333333925e+00
1.440000000000000000e+02 6.901921323014473563e-06 2.397695329579475725e-03 4.517119770678572344e-02 4.817708333333333925e+00 1.030000000000000000e+02 4.517227564102563875e+00 4.489919525356246555e-02 4.817708333333333925e+00
1.450000000000000000e+02 6.591283692782082914e-06 2.810002402647545326e-03 3.202196248830893044e-01 5.075120192307692690e+01 1.030000000000000000e+02 4.517227564102563875e+00 4.489919525356246555e-02 4.817708333333333925e+00
1.460000000000000000e+02 6.294627058970881393e-06 2.626363812994800002e-03 6.004309298422855906e-02 4.797676282051281937e+00 1.030000000000000000e+02 4.517227564102563875e+00 4.489919525356246555e-02 4.817708333333333925e+00
1.470000000000000000e+02 6.011322173087108245e-06 2.356465109378883850e-03 6.699118061134448632e-02 5.789262820512821150e+00 1.030000000000000000e+02 4.517227564102563875e+00 4.489919525356246555e-02 4.817708333333333925e+00
1.480000000000000000e+02 5.740768107484456030e-06 2.426803939191526580e-03 3.616147391044367831e-02 4.156650641025640525e+00 1.480000000000000000e+02 4.156650641025640525e+00 3.844016410995465538e-02 4.617387820512821150e+00
1.490000000000000000e+02 5.482390980715965730e-06 2.113742092134136743e-03 7.196464774031670342e-02 7.622195512820513663e+00 1.480000000000000000e+02 4.156650641025640525e+00 3.844016410995465538e-02 4.617387820512821150e+00
1.500000000000000000e+02 5.235642740254536719e-06 2.230684597682403708e-03 4.944502494226281353e-02 4.957932692307691624e+00 1.480000000000000000e+02 4.156650641025640525e+00 3.844016410995465538e-02 4.617387820512821150e+00
1.510000000000000000e+02 5.000000000000037678e-06 2.739581346854959732e-03 1.212749158342679295e-01 1.125801282051282115e+01 1.480000000000000000e+02 4.156650641025640525e+00 3.844016410995465538e-02 4.617387820512821150e+00
1.520000000000000000e+02 4.774962930107215754e-06 2.485990273079981792e-03 1.493439008601200879e-01 1.337139423076923173e+01 1.480000000000000000e+02 4.156650641025640525e+00 3.844016410995465538e-02 4.617387820512821150e+00
1.530000000000000000e+02 4.560054196779582914e-06 2.191328033069638807e-03 5.142017766737785184e-02 4.837740384615385025e+00 1.480000000000000000e+02 4.156650641025640525e+00 3.844016410995465538e-02 4.617387820512821150e+00
1.540000000000000000e+02 4.354817949780435828e-06 2.620434161814812028e-03 8.221204726932904161e-02 7.281650641025641413e+00 1.480000000000000000e+02 4.156650641025640525e+00 3.844016410995465538e-02 4.617387820512821150e+00
1.550000000000000000e+02 4.158818855513386029e-06 2.550376548529847878e-03 1.076391623474848569e-01 1.140825320512820440e+01 1.480000000000000000e+02 4.156650641025640525e+00 3.844016410995465538e-02 4.617387820512821150e+00
1.560000000000000000e+02 3.971641173621437131e-06 2.764554636087268591e-03 4.799534803113111869e-02 4.737580128205127750e+00 1.480000000000000000e+02 4.156650641025640525e+00 3.844016410995465538e-02 4.617387820512821150e+00
1.570000000000000000e+02 3.792887875145947475e-06 2.203672799575878000e-03 5.803008654560798396e-02 5.608974358974359475e+00 1.480000000000000000e+02 4.156650641025640525e+00 3.844016410995465538e-02 4.617387820512821150e+00
1.580000000000000000e+02 3.622179800374977901e-06 2.630994777734342420e-03 2.768973383383873110e-01 3.370392628205128460e+01 1.480000000000000000e+02 4.156650641025640525e+00 3.844016410995465538e-02 4.617387820512821150e+00
1.590000000000000000e+02 3.459154854594708801e-06 2.288469364621529591e-03 2.226869240403175354e-01 2.398838141025640880e+01 1.480000000000000000e+02 4.156650641025640525e+00 3.844016410995465538e-02 4.617387820512821150e+00
1.600000000000000000e+02 3.303467240038005489e-06 2.754333569962335443e-03 7.767395746822540470e-02 6.039663461538461675e+00 1.480000000000000000e+02 4.156650641025640525e+00 3.844016410995465538e-02 4.617387820512821150e+00
1.610000000000000000e+02 3.154786722400990654e-06 2.240117093989331312e-03 5.928365045633071650e-02 5.458733974358974450e+00 1.480000000000000000e+02 4.156650641025640525e+00 3.844016410995465538e-02 4.617387820512821150e+00
1.620000000000000000e+02 3.012797930371811982e-06 3.076526924575630033e-03 2.330107677441377034e-01 2.180488782051281760e+01 1.480000000000000000e+02 4.156650641025640525e+00 3.844016410995465538e-02 4.617387820512821150e+00
1.630000000000000000e+02 2.877199686685807089e-06 2.432184532823923433e-03 5.550263162988882532e-02 5.288461538461538325e+00 1.480000000000000000e+02 4.156650641025640525e+00 3.844016410995465538e-02 4.617387820512821150e+00
1.640000000000000000e+02 2.747704369288144132e-06 2.823610459209272873e-03 1.962484010519125466e-01 2.230568910256410220e+01 1.480000000000000000e+02 4.156650641025640525e+00 3.844016410995465538e-02 4.617387820512821150e+00
1.650000000000000000e+02 2.624037301248883572e-06 2.334285754171249068e-03 6.801486750825858074e-02 5.829326923076923350e+00 1.480000000000000000e+02 4.156650641025640525e+00 3.844016410995465538e-02 4.617387820512821150e+00
1.660000000000000000e+02 2.505936168136381120e-06 2.511918722455830973e-03 8.337296220736625796e-02 7.361778846153846700e+00 1.480000000000000000e+02 4.156650641025640525e+00 3.844016410995465538e-02 4.617387820512821150e+00
1.670000000000000000e+02 2.393150461613210763e-06 2.636692768551017040e-03 2.351838898582336301e-01 2.842548076923077005e+01 1.480000000000000000e+02 4.156650641025640525e+00 3.844016410995465538e-02 4.617387820512821150e+00
1.680000000000000000e+02 2.285440948074393269e-06 2.733005357808188183e-03 8.159641744807744068e-02 7.882612179487178850e+00 1.480000000000000000e+02 4.156650641025640525e+00 3.844016410995465538e-02 4.617387820512821150e+00
1.690000000000000000e+02 2.182579161200847368e-06 2.808217688365594131e-03 5.149627641703073688e-02 5.098157051282051100e+00 1.480000000000000000e+02 4.156650641025640525e+00 3.844016410995465538e-02 4.617387820512821150e+00
1.700000000000000000e+02 2.084346917351693942e-06 2.742635784670710564e-03 2.323435671054399909e-01 3.067908653846153655e+01 1.480000000000000000e+02 4.156650641025640525e+00 3.844016410995465538e-02 4.617387820512821150e+00
1.710000000000000000e+02 1.990535852767502347e-06 2.328914651451142234e-03 3.758645642262238851e-01 5.339543269230768630e+01 1.480000000000000000e+02 4.156650641025640525e+00 3.844016410995465538e-02 4.617387820512821150e+00
1.720000000000000000e+02 1.900946981602821430e-06 2.234439518743831701e-03 1.719767622267588669e-01 1.755809294871794890e+01 1.480000000000000000e+02 4.156650641025640525e+00 3.844016410995465538e-02 4.617387820512821150e+00
1.730000000000000000e+02 1.815390273850521654e-06 2.420571163958428699e-03 8.087995920616847245e-02 6.209935897435897800e+00 1.480000000000000000e+02 4.156650641025640525e+00 3.844016410995465538e-02 4.617387820512821150e+00
1.740000000000000000e+02 1.733684252262672609e-06 2.366664041274864263e-03 1.342648541889129576e-01 1.155849358974359120e+01 1.480000000000000000e+02 4.156650641025640525e+00 3.844016410995465538e-02 4.617387820512821150e+00
1.750000000000000000e+02 1.655655607412969315e-06 2.466330464047036559e-03 1.452714666151083411e-01 1.425280448717948723e+01 1.480000000000000000e+02 4.156650641025640525e+00 3.844016410995465538e-02 4.617387820512821150e+00
1.760000000000000000e+02 1.581138830084202936e-06 2.658731304109096527e-03 1.949364670958274315e-01 2.557091346153846345e+01 1.480000000000000000e+02 4.156650641025640525e+00 3.844016410995465538e-02 4.617387820512821150e+00
1.770000000000000000e+02 1.509975860201020866e-06 2.618124861711341924e-03 5.292091592668722588e-02 4.737580128205127750e+00 1.480000000000000000e+02 4.156650641025640525e+00 3.844016410995465538e-02 4.617387820512821150e+00
1.780000000000000000e+02 1.442015751563315222e-06 2.635160663263186234e-03 8.376117943762204088e-02 8.623798076923076650e+00 1.480000000000000000e+02 4.156650641025640525e+00 3.844016410995465538e-02 4.617387820512821150e+00
1.790000000000000000e+02 1.377114351669095024e-06 2.894559060223400593e-03 9.435476128680583829e-02 7.271634615384615863e+00 1.480000000000000000e+02 4.156650641025640525e+00 3.844016410995465538e-02 4.617387820512821150e+00
1.800000000000000000e+02 1.315133995947702268e-06 2.279743788102151555e-03 8.617851305275391061e-02 8.022836538461538325e+00 1.480000000000000000e+02 4.156650641025640525e+00 3.844016410995465538e-02 4.617387820512821150e+00
1.810000000000000000e+02 1.255943215754800877e-06 2.699925607119343669e-03 2.299329330905889868e-01 2.259615384615384670e+01 1.480000000000000000e+02 4.156650641025640525e+00 3.844016410995465538e-02 4.617387820512821150e+00
1.820000000000000000e+02 1.199416459509755646e-06 2.368026180192828178e-03 6.676069768862082088e-02 5.338541666666666075e+00 1.480000000000000000e+02 4.156650641025640525e+00 3.844016410995465538e-02 4.617387820512821150e+00
1.830000000000000000e+02 1.145433826383896470e-06 3.126132926952681929e-03 7.621987312076947130e-02 6.750801282051281937e+00 1.480000000000000000e+02 4.156650641025640525e+00 3.844016410995465538e-02 4.617387820512821150e+00
1.840000000000000000e+02 1.093880811974785820e-06 2.327953802274638009e-03 1.123315292673233295e-01 9.775641025641025550e+00 1.480000000000000000e+02 4.156650641025640525e+00 3.844016410995465538e-02 4.617387820512821150e+00
1.850000000000000000e+02 1.044648065427028797e-06 2.311365838211617858e-03 1.041391090704844591e-01 9.144631410256408799e+00 1.480000000000000000e+02 4.156650641025640525e+00 3.844016410995465538e-02 4.617387820512821150e+00
1.860000000000000000e+02 9.976311574844484590e-07 2.603508274708139086e-03 4.982942180373729768e-02 4.727564102564102200e+00 1.480000000000000000e+02 4.156650641025640525e+00 3.844016410995465538e-02 4.617387820512821150e+00
1.870000000000000000e+02 9.527303589816318926e-07 2.192308397130354660e-03 7.055450956790874917e-02 7.181490384615384137e+00 1.480000000000000000e+02 4.156650641025640525e+00 3.844016410995465538e-02 4.617387820512821150e+00
1.880000000000000000e+02 9.098504293049996557e-07 2.755134084605072742e-03 5.666898580220264964e-02 4.707532051282051100e+00 1.480000000000000000e+02 4.156650641025640525e+00 3.844016410995465538e-02 4.617387820512821150e+00
1.890000000000000000e+02 8.689004143746953720e-07 2.109885914251208305e-03 2.811281069731100812e-01 3.991386217948718240e+01 1.480000000000000000e+02 4.156650641025640525e+00 3.844016410995465538e-02 4.617387820512821150e+00
1.900000000000000000e+02 8.297934537187876590e-07 2.496899748956294459e-03 4.557868295038739609e-02 4.627403846153846700e+00 1.480000000000000000e+02 4.156650641025640525e+00 3.844016410995465538e-02 4.617387820512821150e+00
1.910000000000000000e+02 7.924465962305638164e-07 3.070755592106204444e-03 1.069084934126108138e-01 9.595352564102563875e+00 1.480000000000000000e+02 4.156650641025640525e+00 3.844016410995465538e-02 4.617387820512821150e+00
1.920000000000000000e+02 7.567806242181108959e-07 2.457319875247776508e-03 1.793965487143932280e-01 1.999198717948718240e+01 1.480000000000000000e+02 4.156650641025640525e+00 3.844016410995465538e-02 4.617387820512821150e+00
1.930000000000000000e+02 7.227198853729703206e-07 2.453638442890032547e-03 1.235187677427744268e-01 9.515224358974357699e+00 1.480000000000000000e+02 4.156650641025640525e+00 3.844016410995465538e-02 4.617387820512821150e+00
1.940000000000000000e+02 6.901921323014486692e-07 2.263158179917618053e-03 3.943198132448089144e-02 3.966346153846153744e+00 1.940000000000000000e+02 3.966346153846153744e+00 4.025394733971319333e-02 4.166666666666666075e+00
1.950000000000000000e+02 6.591283692782095196e-07 2.601827353876279975e-03 7.755662663242755828e-02 7.712339743589743613e+00 1.940000000000000000e+02 3.966346153846153744e+00 4.025394733971319333e-02 4.166666666666666075e+00
1.960000000000000000e+02 6.294627058970893040e-07 2.101174776295297933e-03 4.902574701760059606e-02 4.717548076923076650e+00 1.940000000000000000e+02 3.966346153846153744e+00 4.025394733971319333e-02 4.166666666666666075e+00
1.970000000000000000e+02 6.011322173087118833e-07 2.658899793842513151e-03 4.143244317040229580e-02 4.657451923076923350e+00 1.940000000000000000e+02 3.966346153846153744e+00 4.025394733971319333e-02 4.166666666666666075e+00
1.980000000000000000e+02 5.740768107484465559e-07 2.276887957888998597e-03 4.690106893674685085e-02 4.617387820512821150e+00 1.940000000000000000e+02 3.966346153846153744e+00 4.025394733971319333e-02 4.166666666666666075e+00
1.990000000000000000e+02 5.482390980715975259e-07 2.176844331092740292e-03 1.879588835514508782e-01 2.172475961538461320e+01 1.940000000000000000e+02 3.966346153846153744e+00 4.025394733971319333e-02 4.166666666666666075e+00
2.000000000000000000e+02 5.235642740254545613e-07 2.371007080287917870e-03 1.126336888051950036e-01 8.723958333333332149e+00 1.940000000000000000e+02 3.966346153846153744e+00 4.025394733971319333e-02 4.166666666666666075e+00
