# Epoch, LR, Training Loss, Validation Loss, Validation Error, Best Epoch, Best Validation Error, Test Loss, Test Error
1.000000000000000000e+00 5.000000000000000104e-03 8.622418704785799193e-01 8.584219645231198070e-01 1.601562500000000000e+01 1.000000000000000000e+00 1.601562500000000000e+01 8.787354284372085322e-01 1.797876602564102555e+01
2.000000000000000000e+00 4.774962930107180294e-03 5.019565193276656068e-01 5.054018531854336249e-01 1.061698717948717885e+01 2.000000000000000000e+00 1.061698717948717885e+01 5.140672108301749255e-01 1.080729166666666785e+01
3.000000000000000000e+00 4.560054196779549270e-03 3.541335730176222718e-01 3.748872463519756781e-01 6.630608974358974450e+00 3.000000000000000000e+00 6.630608974358974450e+00 3.847677543377264753e-01 7.231570512820513663e+00
4.000000000000000000e+00 4.354817949780404041e-03 2.570712221296210243e-01 2.892715080808370698e-01 6.159855769230769162e+00 4.000000000000000000e+00 6.159855769230769162e+00 2.962756325037051441e-01 6.450320512820513663e+00
5.000000000000000000e+00 4.158818855513356227e-03 1.848959797307064556e-01 2.316323952415050569e-01 6.009615384615385025e+00 5.000000000000000000e+00 6.009615384615385025e+00 2.382707179356844118e-01 6.340144230769230838e+00
6.000000000000000000e+00 3.971641173621408630e-03 1.373262362260567471e-01 2.093393300206233265e-01 6.550480769230769162e+00 5.000000000000000000e+00 6.009615384615385025e+00 2.382707179356844118e-01 6.340144230769230838e+00
7.000000000000000000e+00 3.792887875145920136e-03 1.021902098467475511e-01 1.174770785638919179e-01 4.867788461538461675e+00 7.000000000000000000e+00 4.867788461538461675e+00 1.206250577591932716e-01 4.987980769230769162e+00
8.000000000000000000e+00 3.622179800374951755e-03 7.804734612766064950e-02 1.266386679922923142e-01 4.907852564102563875e+00 7.000000000000000000e+00 4.867788461538461675e+00 1.206250577591932716e-01 4.987980769230769162e+00
9.000000000000000000e+00 3.459154854594683956e-03 6.028736990533376666e-02 1.179187912971545460e-01 4.697516025641025550e+00 9.000000000000000000e+00 4.697516025641025550e+00 1.212176597462250593e-01 4.757612179487178850e+00
1.000000000000000000e+01 3.303467240037981714e-03 4.572596204908270512e-02 9.240432628072224597e-02 4.096554487179487225e+00 1.000000000000000000e+01 4.096554487179487225e+00 9.489728725300385082e-02 4.256810897435897800e+00
1.100000000000000000e+01 3.154786722400968173e-03 3.487171624836168937e-02 8.475545879739981858e-02 4.086538461538461675e+00 1.100000000000000000e+01 4.086538461538461675e+00 8.816667001407879622e-02 4.336939102564102200e+00
1.200000000000000000e+01 3.012797930371790677e-03 2.627984199084733644e-02 9.544368967031821582e-02 4.016426282051281937e+00 1.200000000000000000e+01 4.016426282051281937e+00 9.816813454605065326e-02 3.906250000000000000e+00
1.300000000000000000e+01 2.877199686685786781e-03 2.018252181771554299e-02 7.108159788334980633e-02 4.236778846153846700e+00 1.200000000000000000e+01 4.016426282051281937e+00 9.816813454605065326e-02 3.906250000000000000e+00
1.400000000000000000e+01 2.747704369288124938e-03 1.652710183866714158e-02 6.860415818981635550e-02 4.607371794871795601e+00 1.200000000000000000e+01 4.016426282051281937e+00 9.816813454605065326e-02 3.906250000000000000e+00
1.500000000000000000e+01 2.624037301248865334e-03 1.323303800860517986e-02 6.575117592150583889e-02 3.946314102564102200e+00 1.500000000000000000e+01 3.946314102564102200e+00 6.826952491433192771e-02 3.856169871794871806e+00
1.600000000000000000e+01 2.505936168136363613e-03 1.156907445309977855e-02 6.614036220484055539e-02 4.076522435897436125e+00 1.500000000000000000e+01 3.946314102564102200e+00 6.826952491433192771e-02 3.856169871794871806e+00
1.700000000000000000e+01 2.393150461613193988e-03 8.465909521634640625e-03 5.783149779129486551e-02 3.946314102564102200e+00 1.700000000000000000e+01 3.946314102564102200e+00 6.046678062576132245e-02 3.996394230769230393e+00
1.800000000000000000e+01 2.285440948074377379e-03 7.577560744003245842e-03 5.979460642601434894e-02 3.926282051282051100e+00 1.800000000000000000e+01 3.926282051282051100e+00 6.273562914859025230e-02 3.956330128205128194e+00
1.900000000000000000e+01 2.182579161200832226e-03 6.678622804189983213e-03 5.315847668605737375e-02 3.625801282051282382e+00 1.900000000000000000e+01 3.625801282051282382e+00 5.532759411308246084e-02 3.745993589743589425e+00
2.000000000000000000e+01 2.084346917351679370e-03 6.074251533534966337e-03 6.415433099923226190e-02 4.126602564102563875e+00 1.900000000000000000e+01 3.625801282051282382e+00 5.532759411308246084e-02 3.745993589743589425e+00
2.100000000000000000e+01 1.990535852767488442e-03 5.730511461335577143e-03 5.705431440415290739e-02 3.846153846153846256e+00 1.900000000000000000e+01 3.625801282051282382e+00 5.532759411308246084e-02 3.745993589743589425e+00
2.200000000000000000e+01 1.900946981602808080e-03 4.611094482243061066e-03 6.064172963110300157e-02 3.826121794871795156e+00 1.900000000000000000e+01 3.625801282051282382e+00 5.532759411308246084e-02 3.745993589743589425e+00
2.300000000000000000e+01 1.815390273850508735e-03 4.036098890202610527e-03 5.164001651633626233e-02 3.796073717948717618e+00 1.900000000000000000e+01 3.625801282051282382e+00 5.532759411308246084e-02 3.745993589743589425e+00
2.400000000000000000e+01 1.733684252262660290e-03 3.654093775702150267e-03 5.620598379904643421e-02 3.846153846153846256e+00 1.900000000000000000e+01 3.625801282051282382e+00 5.532759411308246084e-02 3.745993589743589425e+00
2.500000000000000000e+01 1.655655607412957623e-03 2.956267164431904560e-03 5.337702134289802613e-02 3.605769230769230393e+00 2.500000000000000000e+01 3.605769230769230393e+00 5.526857827909481546e-02 3.535657051282051100e+00
2.600000000000000000e+01 1.581138830084191866e-03 2.475467970055576956e-03 5.125717114275082226e-02 3.705929487179487225e+00 2.500000000000000000e+01 3.605769230769230393e+00 5.526857827909481546e-02 3.535657051282051100e+00
2.700000000000000000e+01 1.509975860201010238e-03 2.394391475000271809e-03 5.310082106062999352e-02 3.735977564102563875e+00 2.500000000000000000e+01 3.605769230769230393e+00 5.526857827909481546e-02 3.535657051282051100e+00
2.800000000000000000e+01 1.442015751563305130e-03 2.519048964849820126e-03 4.898665219736404730e-02 3.705929487179487225e+00 2.500000000000000000e+01 3.605769230769230393e+00 5.526857827909481546e-02 3.535657051282051100e+00
2.900000000000000000e+01 1.377114351669085374e-03 2.948410220836338198e-03 4.966974898408620803e-02 3.715945512820512775e+00 2.500000000000000000e+01 3.605769230769230393e+00 5.526857827909481546e-02 3.535657051282051100e+00
3.000000000000000000e+01 1.315133995947693037e-03 3.204975185278607225e-03 5.324064947378177176e-02 3.846153846153846256e+00 2.500000000000000000e+01 3.605769230769230393e+00 5.526857827909481546e-02 3.535657051282051100e+00
3.100000000000000000e+01 1.255943215754792104e-03 3.569686564763909983e-03 5.295216476019376506e-02 3.926282051282051100e+00 2.500000000000000000e+01 3.605769230769230393e+00 5.526857827909481546e-02 3.535657051282051100e+00
3.200000000000000000e+01 1.199416459509747334e-03 2.203286006605546885e-03 5.112019415276172762e-02 3.946314102564102200e+00 2.500000000000000000e+01 3.605769230769230393e+00 5.526857827909481546e-02 3.535657051282051100e+00
3.300000000000000000e+01 1.145433826383888574e-03 1.508560288991582987e-03 5.074669344302935176e-02 3.766025641025640969e+00 2.500000000000000000e+01 3.605769230769230393e+00 5.526857827909481546e-02 3.535657051282051100e+00
3.400000000000000000e+01 1.093880811974778195e-03 1.718305311729445258e-03 4.905943633415377897e-02 3.715945512820512775e+00 2.500000000000000000e+01 3.605769230769230393e+00 5.526857827909481546e-02 3.535657051282051100e+00
3.500000000000000000e+01 1.044648065427021674e-03 1.372272314160670036e-03 4.637379028523961472e-02 3.695913461538461675e+00 2.500000000000000000e+01 3.605769230769230393e+00 5.526857827909481546e-02 3.535657051282051100e+00
3.600000000000000000e+01 9.976311574844416285e-04 8.931956299899244337e-04 4.806100252347114687e-02 3.745993589743589425e+00 2.500000000000000000e+01 3.605769230769230393e+00 5.526857827909481546e-02 3.535657051282051100e+00
3.700000000000000000e+01 9.527303589816253984e-04 1.049528920128451389e-03 4.567731494227281197e-02 3.665865384615384581e+00 2.500000000000000000e+01 3.605769230769230393e+00 5.526857827909481546e-02 3.535657051282051100e+00
3.800000000000000000e+01 9.098504293049934893e-04 1.122469240248105335e-03 4.773744594496794058e-02 3.675881410256410575e+00 2.500000000000000000e+01 3.605769230769230393e+00 5.526857827909481546e-02 3.535657051282051100e+00
3.900000000000000000e+01 8.689004143746894334e-04 1.259388192250442302e-03 4.579789494761289659e-02 3.645833333333333481e+00 2.500000000000000000e+01 3.605769230769230393e+00 5.526857827909481546e-02 3.535657051282051100e+00
4.000000000000000000e+01 8.297934537187819483e-04 1.200659082602023283e-03 5.092797046288465718e-02 3.715945512820512775e+00 2.500000000000000000e+01 3.605769230769230393e+00 5.526857827909481546e-02 3.535657051282051100e+00
4.100000000000000000e+01 7.924465962305583420e-04 1.010872805062191290e-03 4.511805154526463135e-02 3.715945512820512775e+00 2.500000000000000000e+01 3.605769230769230393e+00 5.526857827909481546e-02 3.535657051282051100e+00
4.200000000000000000e+01 7.567806242181056731e-04 1.048598080064709181e-03 4.772229687286875383e-02 3.685897435897436125e+00 2.500000000000000000e+01 3.605769230769230393e+00 5.526857827909481546e-02 3.535657051282051100e+00
4.300000000000000000e+01 7.227198853729652943e-04 8.519500230537041009e-04 4.595680177832642960e-02 3.605769230769230393e+00 4.300000000000000000e+01 3.605769230769230393e+00 4.758954766349723919e-02 3.635817307692307931e+00
4.400000000000000000e+01 6.901921323014439513e-04 9.527439374084535227e-04 4.555305511427995557e-02 3.635817307692307931e+00 4.300000000000000000e+01 3.605769230769230393e+00 4.758954766349723919e-02 3.635817307692307931e+00
4.500000000000000000e+01 6.591283692782050558e-04 8.688924503267595129e-04 4.650879719366247944e-02 3.735977564102563875e+00 4.300000000000000000e+01 3.605769230769230393e+00 4.758954766349723919e-02 3.635817307692307931e+00
4.600000000000000000e+01 6.294627058970850460e-04 1.098667155019938946e-03 4.720016614271280164e-02 3.695913461538461675e+00 4.300000000000000000e+01 3.605769230769230393e+00 4.758954766349723919e-02 3.635817307692307931e+00
4.700000000000000000e+01 6.011322173087079107e-04 7.746456532530780629e-04 5.102000305524621165e-02 3.655849358974359031e+00 4.300000000000000000e+01 3.605769230769230393e+00 4.758954766349723919e-02 3.635817307692307931e+00
4.800000000000000000e+01 5.740768107484427434e-04 1.060057083745241961e-03 4.500315726424256729e-02 3.725961538461538325e+00 4.300000000000000000e+01 3.605769230769230393e+00 4.758954766349723919e-02 3.635817307692307931e+00
4.900000000000000000e+01 5.482390980715938760e-04 8.542433482178143651e-04 4.604632209222286193e-02 3.565705128205128194e+00 4.900000000000000000e+01 3.565705128205128194e+00 4.791609909480962909e-02 3.615785256410256832e+00
5.000000000000000000e+01 5.235642740254511105e-04 8.853993606049028560e-04 4.562204399217779927e-02 3.635817307692307931e+00 4.900000000000000000e+01 3.565705128205128194e+00 4.791609909480962909e-02 3.615785256410256832e+00
5.100000000000000000e+01 5.000000000000013115e-04 1.252733929217547974e-03 4.664885502260846667e-02 3.665865384615384581e+00 4.900000000000000000e+01 3.565705128205128194e+00 4.791609909480962909e-02 3.615785256410256832e+00
5.200000000000000000e+01 4.774962930107192545e-04 1.007960280587308398e-03 4.639559519739869242e-02 3.605769230769230393e+00 4.900000000000000000e+01 3.565705128205128194e+00 4.791609909480962909e-02 3.615785256410256832e+00
5.300000000000000000e+01 4.560054196779561196e-04 7.135988340259677215e-04 4.500453521569187931e-02 3.635817307692307931e+00 4.900000000000000000e+01 3.565705128205128194e+00 4.791609909480962909e-02 3.615785256410256832e+00
5.400000000000000000e+01 4.354817949780415533e-04 6.372095120145546869e-04 4.513344332241477075e-02 3.725961538461538325e+00 4.900000000000000000e+01 3.565705128205128194e+00 4.791609909480962909e-02 3.615785256410256832e+00
5.500000000000000000e+01 4.158818855513366853e-04 5.568758853386450306e-04 4.568747885955067728e-02 3.645833333333333481e+00 4.900000000000000000e+01 3.565705128205128194e+00 4.791609909480962909e-02 3.615785256410256832e+00
5.600000000000000000e+01 3.971641173621419038e-04 7.575284590099105268e-04 4.572745677656852442e-02 3.635817307692307931e+00 4.900000000000000000e+01 3.565705128205128194e+00 4.791609909480962909e-02 3.615785256410256832e+00
5.700000000000000000e+01 3.792887875145930111e-04 1.079144274148060786e-03 4.585621584779941279e-02 3.695913461538461675e+00 4.900000000000000000e+01 3.565705128205128194e+00 4.791609909480962909e-02 3.615785256410256832e+00
5.800000000000000000e+01 3.622179800374961079e-04 5.487109190557690934e-04 4.468927595716638140e-02 3.635817307692307931e+00 4.900000000000000000e+01 3.565705128205128194e+00 4.791609909480962909e-02 3.615785256410256832e+00
5.900000000000000000e+01 3.459154854594693063e-04 8.305948569231029347e-04 4.718611610289185493e-02 3.665865384615384581e+00 4.900000000000000000e+01 3.565705128205128194e+00 4.791609909480962909e-02 3.615785256410256832e+00
6.000000000000000000e+01 3.303467240037990496e-04 7.571566577672982426e-04 4.514401460973880426e-02 3.695913461538461675e+00 4.900000000000000000e+01 3.565705128205128194e+00 4.791609909480962909e-02 3.615785256410256832e+00
6.100000000000000000e+01 3.154786722400976305e-04 7.942302453509336247e-04 4.592888747365810737e-02 3.655849358974359031e+00 4.900000000000000000e+01 3.565705128205128194e+00 4.791609909480962909e-02 3.615785256410256832e+00
6.200000000000000000e+01 3.012797930371798700e-04 7.712583269733984783e-04 4.607338467851663372e-02 3.695913461538461675e+00 4.900000000000000000e+01 3.565705128205128194e+00 4.791609909480962909e-02 3.615785256410256832e+00
6.300000000000000000e+01 2.877199686685794045e-04 5.254394391637393861e-04 4.555423707008744022e-02 3.625801282051282382e+00 4.900000000000000000e+01 3.565705128205128194e+00 4.791609909480962909e-02 3.615785256410256832e+00
6.400000000000000000e+01 2.747704369288131985e-04 9.118620460197378709e-04 4.437250567552370600e-02 3.575721153846153744e+00 4.900000000000000000e+01 3.565705128205128194e+00 4.791609909480962909e-02 3.615785256410256832e+00
6.500000000000000000e+01 2.624037301248871730e-04 5.827799583417608321e-04 4.510453884274913394e-02 3.655849358974359031e+00 4.900000000000000000e+01 3.565705128205128194e+00 4.791609909480962909e-02 3.615785256410256832e+00
6.600000000000000000e+01 2.505936168136369685e-04 7.210916354731460942e-04 4.603639492191947263e-02 3.575721153846153744e+00 4.900000000000000000e+01 3.565705128205128194e+00 4.791609909480962909e-02 3.615785256410256832e+00
6.700000000000000000e+01 2.393150461613199735e-04 5.448227528081348763e-04 4.509146645283087368e-02 3.545673076923076650e+00 6.700000000000000000e+01 3.545673076923076650e+00 4.668020138230461608e-02 3.635817307692307931e+00
6.800000000000000000e+01 2.285440948074382800e-04 5.709596922602749348e-04 4.457561432933195705e-02 3.655849358974359031e+00 6.700000000000000000e+01 3.545673076923076650e+00 4.668020138230461608e-02 3.635817307692307931e+00
6.900000000000000000e+01 2.182579161200837322e-04 3.051157090292115994e-04 4.534016048105863478e-02 3.605769230769230393e+00 6.700000000000000000e+01 3.545673076923076650e+00 4.668020138230461608e-02 3.635817307692307931e+00
7.000000000000000000e+01 2.084346917351684303e-04 3.505640254987060517e-04 4.488374132854051901e-02 3.605769230769230393e+00 6.700000000000000000e+01 3.545673076923076650e+00 4.668020138230461608e-02 3.635817307692307931e+00
7.100000000000000000e+01 1.990535852767493267e-04 7.239647322996077897e-04 4.547421443156707266e-02 3.685897435897436125e+00 6.700000000000000000e+01 3.545673076923076650e+00 4.668020138230461608e-02 3.635817307692307931e+00
7.200000000000000000e+01 1.900946981602812688e-04 5.998172047456089154e-04 4.521909571037842357e-02 3.665865384615384581e+00 6.700000000000000000e+01 3.545673076923076650e+00 4.668020138230461608e-02 3.635817307692307931e+00
7.300000000000000000e+01 1.815390273850513235e-04 6.394960716869192360e-04 4.502806637006310370e-02 3.685897435897436125e+00 6.700000000000000000e+01 3.545673076923076650e+00 4.668020138230461608e-02 3.635817307692307931e+00
7.400000000000000000e+01 1.733684252262664410e-04 5.786695470114386125e-04 4.531929887926731265e-02 3.625801282051282382e+00 6.700000000000000000e+01 3.545673076923076650e+00 4.668020138230461608e-02 3.635817307692307931e+00
7.500000000000000000e+01 1.655655607412961472e-04 4.996777355891504841e-04 4.514203636118999108e-02 3.565705128205128194e+00 6.700000000000000000e+01 3.545673076923076650e+00 4.668020138230461608e-02 3.635817307692307931e+00
7.600000000000000000e+01 1.581138830084195389e-04 3.728799977244833864e-04 4.434935456046309316e-02 3.585737179487179294e+00 6.700000000000000000e+01 3.545673076923076650e+00 4.668020138230461608e-02 3.635817307692307931e+00
7.700000000000000000e+01 1.509975860201013599e-04 3.612999402991446838e-04 4.432913806671515827e-02 3.665865384615384581e+00 6.700000000000000000e+01 3.545673076923076650e+00 4.668020138230461608e-02 3.635817307692307931e+00
7.800000000000000000e+01 1.442015751563308166e-04 5.398054314642458142e-04 4.538824263578041668e-02 3.665865384615384581e+00 6.700000000000000000e+01 3.545673076923076650e+00 4.668020138230461608e-02 3.635817307692307931e+00
7.900000000000000000e+01 1.377114351669088247e-04 4.423740197365221396e-04 4.483674609890350715e-02 3.585737179487179294e+00 6.700000000000000000e+01 3.545673076923076650e+00 4.668020138230461608e-02 3.635817307692307931e+00
8.000000000000000000e+01 1.315133995947695856e-04 4.219461625325493515e-04 4.497897402884868528e-02 3.665865384615384581e+00 6.700000000000000000e+01 3.545673076923076650e+00 4.668020138230461608e-02 3.635817307692307931e+00
8.100000000000000000e+01 1.255943215754794923e-04 4.799895076231271282e-04 4.480474550897876190e-02 3.645833333333333481e+00 6.700000000000000000e+01 3.545673076923076650e+00 4.668020138230461608e-02 3.635817307692307931e+00
8.200000000000000000e+01 1.199416459509749963e-04 4.487873904604623818e-04 4.529191589412780855e-02 3.625801282051282382e+00 6.700000000000000000e+01 3.545673076923076650e+00 4.668020138230461608e-02 3.635817307692307931e+00
8.300000000000000000e+01 1.145433826383891041e-04 3.793795848124366507e-04 4.525150462555197622e-02 3.685897435897436125e+00 6.700000000000000000e+01 3.545673076923076650e+00 4.668020138230461608e-02 3.635817307692307931e+00
8.400000000000000000e+01 1.093880811974780662e-04 5.312866793055467723e-04 4.447085372148416177e-02 3.645833333333333481e+00 6.700000000000000000e+01 3.545673076923076650e+00 4.668020138230461608e-02 3.635817307692307931e+00
8.500000000000000000e+01 1.044648065427023978e-04 6.067546721743909480e-04 4.521125812943165012e-02 3.605769230769230393e+00 6.700000000000000000e+01 3.545673076923076650e+00 4.668020138230461608e-02 3.635817307692307931e+00
8.600000000000000000e+01 9.976311574844438511e-05 3.666569850075144447e-04 4.479832156823995715e-02 3.595753205128204844e+00 6.700000000000000000e+01 3.545673076923076650e+00 4.668020138230461608e-02 3.635817307692307931e+00
8.700000000000000000e+01 9.527303589816274584e-05 4.547434471437315664e-04 4.461580686844312388e-02 3.605769230769230393e+00 6.700000000000000000e+01 3.545673076923076650e+00 4.668020138230461608e-02 3.635817307692307931e+00
8.800000000000000000e+01 9.098504293049955222e-05 4.529555586295349397e-04 4.480505907812561833e-02 3.645833333333333481e+00 6.700000000000000000e+01 3.545673076923076650e+00 4.668020138230461608e-02 3.635817307692307931e+00
8.900000000000000000e+01 8.689004143746914121e-05 5.633012712534860283e-04 4.483340230459968018e-02 3.575721153846153744e+00 6.700000000000000000e+01 3.545673076923076650e+00 4.668020138230461608e-02 3.635817307692307931e+00
9.000000000000000000e+01 8.297934537187838728e-05 2.907905306385241955e-04 4.423080506519629085e-02 3.635817307692307931e+00 6.700000000000000000e+01 3.545673076923076650e+00 4.668020138230461608e-02 3.635817307692307931e+00
9.100000000000000000e+01 7.924465962305602123e-05 4.532875122286465146e-04 4.447202280593606089e-02 3.635817307692307931e+00 6.700000000000000000e+01 3.545673076923076650e+00 4.668020138230461608e-02 3.635817307692307931e+00
9.200000000000000000e+01 7.567806242181073808e-05 3.568620783258474351e-04 4.471174912909284954e-02 3.615785256410256832e+00 6.700000000000000000e+01 3.545673076923076650e+00 4.668020138230461608e-02 3.635817307692307931e+00
9.300000000000000000e+01 7.227198853729669748e-05 3.676396492281989873e-04 4.462086652907041456e-02 3.675881410256410575e+00 6.700000000000000000e+01 3.545673076923076650e+00 4.668020138230461608e-02 3.635817307692307931e+00
9.400000000000000000e+01 6.901921323014455776e-05 4.148263942624907941e-04 4.509103562061985565e-02 3.665865384615384581e+00 6.700000000000000000e+01 3.545673076923076650e+00 4.668020138230461608e-02 3.635817307692307931e+00
9.500000000000000000e+01 6.591283692782065465e-05 5.776365178462583572e-04 4.500688429778584854e-02 3.645833333333333481e+00 6.700000000000000000e+01 3.545673076923076650e+00 4.668020138230461608e-02 3.635817307692307931e+00
9.600000000000000000e+01 6.294627058970865639e-05 4.605341351921914995e-04 4.464546222096452133e-02 3.595753205128204844e+00 6.700000000000000000e+01 3.545673076923076650e+00 4.668020138230461608e-02 3.635817307692307931e+00
9.700000000000000000e+01 6.011322173087093338e-05 6.172657020598355934e-04 4.526855924333899467e-02 3.565705128205128194e+00 6.700000000000000000e+01 3.545673076923076650e+00 4.668020138230461608e-02 3.635817307692307931e+00
9.800000000000000000e+01 5.740768107484441800e-05 3.029023070044594736e-04 4.469255507231140873e-02 3.595753205128204844e+00 6.700000000000000000e+01 3.545673076923076650e+00 4.668020138230461608e-02 3.635817307692307931e+00
9.900000000000000000e+01 5.482390980715952177e-05 4.375453061488530806e-04 4.479457964547551435e-02 3.635817307692307931e+00 6.700000000000000000e+01 3.545673076923076650e+00 4.668020138230461608e-02 3.635817307692307931e+00
1.000000000000000000e+02 5.235642740254523844e-05 4.068993998532134280e-04 4.446295858957828584e-02 3.655849358974359031e+00 6.700000000000000000e+01 3.545673076923076650e+00 4.668020138230461608e-02 3.635817307692307931e+00
1.010000000000000000e+02 5.000000000000025312e-05 3.101348214075091720e-04 4.454432369376986472e-02 3.615785256410256832e+00 6.700000000000000000e+01 3.545673076923076650e+00 4.668020138230461608e-02 3.635817307692307931e+00
1.020000000000000000e+02 4.774962930107204065e-05 3.280230847801584118e-04 4.452816142628972240e-02 3.595753205128204844e+00 6.700000000000000000e+01 3.545673076923076650e+00 4.668020138230461608e-02 3.635817307692307931e+00
1.030000000000000000e+02 4.560054196779571902e-05 5.291934896951332526e-04 4.464260764563313111e-02 3.665865384615384581e+00 6.700000000000000000e+01 3.545673076923076650e+00 4.668020138230461608e-02 3.635817307692307931e+00
1.040000000000000000e+02 4.354817949780425833e-05 2.930390739110359669e-04 4.490390435482064652e-02 3.655849358974359031e+00 6.700000000000000000e+01 3.545673076923076650e+00 4.668020138230461608e-02 3.635817307692307931e+00
1.050000000000000000e+02 4.158818855513376881e-05 2.939566281719108664e-04 4.483966489967245589e-02 3.635817307692307931e+00 6.700000000000000000e+01 3.545673076923076650e+00 4.668020138230461608e-02 3.635817307692307931e+00
1.060000000000000000e+02 3.971641173621428660e-05 3.395222702238243073e-04 4.481214746976128205e-02 3.605769230769230393e+00 6.700000000000000000e+01 3.545673076923076650e+00 4.668020138230461608e-02 3.635817307692307931e+00
1.070000000000000000e+02 3.792887875145938920e-05 8.302650863984844566e-04 4.462690521270418903e-02 3.645833333333333481e+00 6.700000000000000000e+01 3.545673076923076650e+00 4.668020138230461608e-02 3.635817307692307931e+00
1.080000000000000000e+02 3.622179800374969346e-05 9.534689440777966915e-04 4.496538159079276759e-02 3.675881410256410575e+00 6.700000000000000000e+01 3.545673076923076650e+00 4.668020138230461608e-02 3.635817307692307931e+00
1.090000000000000000e+02 3.459154854594700924e-05 4.880663505709411450e-04 4.465279570565773570e-02 3.665865384615384581e+00 6.700000000000000000e+01 3.545673076923076650e+00 4.668020138230461608e-02 3.635817307692307931e+00
1.100000000000000000e+02 3.303467240037997950e-05 5.347806352227436541e-04 4.482821399011673036e-02 3.655849358974359031e+00 6.700000000000000000e+01 3.545673076923076650e+00 4.668020138230461608e-02 3.635817307692307931e+00
1.110000000000000000e+02 3.154786722400983623e-05 2.914946001654147596e-04 4.461620069849185632e-02 3.615785256410256832e+00 6.700000000000000000e+01 3.545673076923076650e+00 4.668020138230461608e-02 3.635817307692307931e+00
1.120000000000000000e+02 3.012797930371805544e-05 3.671396316349273548e-04 4.484713805887179799e-02 3.645833333333333481e+00 6.700000000000000000e+01 3.545673076923076650e+00 4.668020138230461608e-02 3.635817307692307931e+00
1.130000000000000000e+02 2.877199686685800821e-05 4.409314197370181837e-04 4.477512573775572352e-02 3.705929487179487225e+00 6.700000000000000000e+01 3.545673076923076650e+00 4.668020138230461608e-02 3.635817307692307931e+00
1.140000000000000000e+02 2.747704369288138287e-05 3.795525050296227366e-04 4.452930242778398856e-02 3.625801282051282382e+00 6.700000000000000000e+01 3.545673076923076650e+00 4.668020138230461608e-02 3.635817307692307931e+00
1.150000000000000000e+02 2.624037301248877897e-05 5.889820544038421556e-04 4.476656934294181295e-02 3.625801282051282382e+00 6.700000000000000000e+01 3.545673076923076650e+00 4.668020138230461608e-02 3.635817307692307931e+00
1.160000000000000000e+02 2.505936168136375784e-05 3.544436354116585865e-04 4.458880672852198052e-02 3.645833333333333481e+00 6.700000000000000000e+01 3.545673076923076650e+00 4.668020138230461608e-02 3.635817307692307931e+00
1.170000000000000000e+02 2.393150461613205427e-05 2.655140657512483106e-04 4.475615229696417591e-02 3.615785256410256832e+00 6.700000000000000000e+01 3.545673076923076650e+00 4.668020138230461608e-02 3.635817307692307931e+00
1.180000000000000000e+02 2.285440948074388357e-05 2.279217926690379537e-04 4.450580505176614243e-02 3.585737179487179294e+00 6.700000000000000000e+01 3.545673076923076650e+00 4.668020138230461608e-02 3.635817307692307931e+00
1.190000000000000000e+02 2.182579161200842540e-05 5.382454591630161152e-04 4.476103764504958671e-02 3.655849358974359031e+00 6.700000000000000000e+01 3.545673076923076650e+00 4.668020138230461608e-02 3.635817307692307931e+00
1.200000000000000000e+02 2.084346917351689114e-05 4.091126410410077610e-04 4.478731474433189641e-02 3.625801282051282382e+00 6.700000000000000000e+01 3.545673076923076650e+00 4.668020138230461608e-02 3.635817307692307931e+00
1.210000000000000000e+02 1.990535852767497943e-05 4.476026728968319655e-04 4.486433953906480976e-02 3.645833333333333481e+00 6.700000000000000000e+01 3.545673076923076650e+00 4.668020138230461608e-02 3.635817307692307931e+00
1.220000000000000000e+02 1.900946981602817364e-05 4.124185454297969841e-04 4.468805385896792992e-02 3.595753205128204844e+00 6.700000000000000000e+01 3.545673076923076650e+00 4.668020138230461608e-02 3.635817307692307931e+00
1.230000000000000000e+02 1.815390273850517504e-05 5.098918274215018124e-04 4.462198096399123959e-02 3.625801282051282382e+00 6.700000000000000000e+01 3.545673076923076650e+00 4.668020138230461608e-02 3.635817307692307931e+00
1.240000000000000000e+02 1.733684252262668543e-05 2.593978280952126511e-04 4.473501538189175730e-02 3.615785256410256832e+00 6.700000000000000000e+01 3.545673076923076650e+00 4.668020138230461608e-02 3.635817307692307931e+00
1.250000000000000000e+02 1.655655607412965334e-05 4.931524700192600145e-04 4.456387672764368368e-02 3.545673076923076650e+00 1.250000000000000000e+02 3.545673076923076650e+00 4.617932645412974046e-02 3.575721153846153744e+00
1.260000000000000000e+02 1.581138830084199252e-05 5.737899957335015162e-04 4.459588633229335380e-02 3.585737179487179294e+00 1.250000000000000000e+02 3.545673076923076650e+00 4.617932645412974046e-02 3.575721153846153744e+00
1.270000000000000000e+02 1.509975860201017393e-05 4.235387329428799957e-04 4.457408430962226525e-02 3.625801282051282382e+00 1.250000000000000000e+02 3.545673076923076650e+00 4.617932645412974046e-02 3.575721153846153744e+00
1.280000000000000000e+02 1.442015751563311961e-05 3.777372123869626231e-04 4.466575525032404070e-02 3.645833333333333481e+00 1.250000000000000000e+02 3.545673076923076650e+00 4.617932645412974046e-02 3.575721153846153744e+00
1.290000000000000000e+02 1.377114351669091805e-05 3.985969876674444966e-04 4.465614335659223028e-02 3.575721153846153744e+00 1.250000000000000000e+02 3.545673076923076650e+00 4.617932645412974046e-02 3.575721153846153744e+00
1.300000000000000000e+02 1.315133995947699176e-05 2.573970514755561062e-04 4.426070343320950146e-02 3.605769230769230393e+00 1.250000000000000000e+02 3.545673076923076650e+00 4.617932645412974046e-02 3.575721153846153744e+00
1.310000000000000000e+02 1.255943215754798040e-05 4.315488195540015631e-04 4.423357764832102496e-02 3.605769230769230393e+00 1.250000000000000000e+02 3.545673076923076650e+00 4.617932645412974046e-02 3.575721153846153744e+00
1.320000000000000000e+02 1.199416459509752978e-05 4.159525469731306657e-04 4.412795304774473626e-02 3.655849358974359031e+00 1.250000000000000000e+02 3.545673076923076650e+00 4.617932645412974046e-02 3.575721153846153744e+00
1.330000000000000000e+02 1.145433826383894056e-05 3.327088759665218390e-04 4.446301234360688914e-02 3.645833333333333481e+00 1.250000000000000000e+02 3.545673076923076650e+00 4.617932645412974046e-02 3.575721153846153744e+00
1.340000000000000000e+02 1.093880811974783576e-05 4.320626315012831621e-04 4.426030017053469295e-02 3.665865384615384581e+00 1.250000000000000000e+02 3.545673076923076650e+00 4.617932645412974046e-02 3.575721153846153744e+00
1.350000000000000000e+02 1.044648065427026722e-05 4.390636929058114573e-04 4.448333696629374473e-02 3.645833333333333481e+00 1.250000000000000000e+02 3.545673076923076650e+00 4.617932645412974046e-02 3.575721153846153744e+00
1.360000000000000000e+02 9.976311574844465955e-06 2.823834917140438140e-04 4.470368530840063831e-02 3.675881410256410575e+00 1.250000000000000000e+02 3.545673076923076650e+00 4.617932645412974046e-02 3.575721153846153744e+00
1.370000000000000000e+02 9.527303589816301350e-06 2.990011013791541144e-04 4.482691401902299394e-02 3.615785256410256832e+00 1.250000000000000000e+02 3.545673076923076650e+00 4.617932645412974046e-02 3.575721153846153744e+00
1.380000000000000000e+02 9.098504293049979616e-06 4.900324933451452808e-04 4.474642833408255110e-02 3.615785256410256832e+00 1.250000000000000000e+02 3.545673076923076650e+00 4.617932645412974046e-02 3.575721153846153744e+00
1.390000000000000000e+02 8.689004143746937838e-06 5.702822850013801069e-04 4.482611230550668374e-02 3.625801282051282382e+00 1.250000000000000000e+02 3.545673076923076650e+00 4.617932645412974046e-02 3.575721153846153744e+00
1.400000000000000000e+02 8.297934537187861767e-06 4.543566555615765929e-04 4.457287167986997978e-02 3.635817307692307931e+00 1.250000000000000000e+02 3.545673076923076650e+00 4.617932645412974046e-02 3.575721153846153744e+00
1.410000000000000000e+02 7.924465962305623129e-06 5.222776803987615570e-04 4.470477795276122518e-02 3.585737179487179294e+00 1.250000000000000000e+02 3.545673076923076650e+00 4.617932645412974046e-02 3.575721153846153744e+00
1.420000000000000000e+02 7.567806242181094136e-06 3.762740584773526355e-04 4.458980097507055096e-02 3.605769230769230393e+00 1.250000000000000000e+02 3.545673076923076650e+00 4.617932645412974046e-02 3.575721153846153744e+00
1.430000000000000000e+02 7.227198853729689230e-06 3.019239101329156496e-04 4.428074192494536182e-02 3.665865384615384581e+00 1.250000000000000000e+02 3.545673076923076650e+00 4.617932645412974046e-02 3.575721153846153744e+00
1.440000000000000000e+02 6.901921323014473563e-06 3.493131403286641292e-04 4.414663906806172433e-02 3.605769230769230393e+00 1.250000000000000000e+02 3.545673076923076650e+00 4.617932645412974046e-02 3.575721153846153744e+00
1.450000000000000000e+02 6.591283692782082914e-06 4.241712511812741190e-04 4.469389036202277982e-02 3.565705128205128194e+00 1.250000000000000000e+02 3.545673076923076650e+00 4.617932645412974046e-02 3.575721153846153744e+00
1.460000000000000000e+02 6.294627058970881393e-06 4.013957564702171706e-04 4.466869211636292913e-02 3.605769230769230393e+00 1.250000000000000000e+02 3.545673076923076650e+00 4.617932645412974046e-02 3.575721153846153744e+00
1.470000000000000000e+02 6.011322173087108245e-06 2.411812942897852022e-04 4.424373554782225215e-02 3.605769230769230393e+00 1.250000000000000000e+02 3.545673076923076650e+00 4.617932645412974046e-02 3.575721153846153744e+00
1.480000000000000000e+02 5.740768107484456030e-06 3.397400297743795186e-04 4.399528334108300520e-02 3.625801282051282382e+00 1.250000000000000000e+02 3.545673076923076650e+00 4.617932645412974046e-02 3.575721153846153744e+00
1.490000000000000000e+02 5.482390980715965730e-06 2.560070080155702941e-04 4.428290228287760921e-02 3.575721153846153744e+00 1.250000000000000000e+02 3.545673076923076650e+00 4.617932645412974046e-02 3.575721153846153744e+00
1.500000000000000000e+02 5.235642740254536719e-06 3.304157747774489305e-04 4.422864617588810610e-02 3.625801282051282382e+00 1.250000000000000000e+02 3.545673076923076650e+00 4.617932645412974046e-02 3.575721153846153744e+00
1.510000000000000000e+02 5.000000000000037678e-06 4.152497950647222511e-04 4.471172213267821799e-02 3.635817307692307931e+00 1.250000000000000000e+02 3.545673076923076650e+00 4.617932645412974046e-02 3.575721153846153744e+00
1.520000000000000000e+02 4.774962930107215754e-06 3.770158553762533024e-04 4.449966170180302133e-02 3.625801282051282382e+00 1.250000000000000000e+02 3.545673076923076650e+00 4.617932645412974046e-02 3.575721153846153744e+00
1.530000000000000000e+02 4.560054196779582914e-06 2.090448390510190658e-04 4.421588792823828024e-02 3.605769230769230393e+00 1.250000000000000000e+02 3.545673076923076650e+00 4.617932645412974046e-02 3.575721153846153744e+00
1.540000000000000000e+02 4.354817949780435828e-06 4.385737974141528197e-04 4.490162111006867907e-02 3.685897435897436125e+00 1.250000000000000000e+02 3.545673076923076650e+00 4.617932645412974046e-02 3.575721153846153744e+00
1.550000000000000000e+02 4.158818855513386029e-06 3.489462607448283330e-04 4.448714796214913586e-02 3.595753205128204844e+00 1.250000000000000000e+02 3.545673076923076650e+00 4.617932645412974046e-02 3.575721153846153744e+00
1.560000000000000000e+02 3.971641173621437131e-06 4.072276926404140682e-04 4.506645899695845697e-02 3.625801282051282382e+00 1.250000000000000000e+02 3.545673076923076650e+00 4.617932645412974046e-02 3.575721153846153744e+00
1.570000000000000000e+02 3.792887875145947475e-06 3.636212225644971669e-04 4.441829756475412089e-02 3.605769230769230393e+00 1.250000000000000000e+02 3.545673076923076650e+00 4.617932645412974046e-02 3.575721153846153744e+00
1.580000000000000000e+02 3.622179800374977901e-06 4.303785868902004243e-04 4.445823019322676234e-02 3.585737179487179294e+00 1.250000000000000000e+02 3.545673076923076650e+00 4.617932645412974046e-02 3.575721153846153744e+00
1.590000000000000000e+02 3.459154854594708801e-06 2.407313379655151076e-04 4.433662698675806813e-02 3.595753205128204844e+00 1.250000000000000000e+02 3.545673076923076650e+00 4.617932645412974046e-02 3.575721153846153744e+00
1.600000000000000000e+02 3.303467240038005489e-06 3.119889205615771302e-04 4.466704269632314900e-02 3.615785256410256832e+00 1.250000000000000000e+02 3.545673076923076650e+00 4.617932645412974046e-02 3.575721153846153744e+00
1.610000000000000000e+02 3.154786722400990654e-06 2.367539491148674838e-04 4.397440994253907359e-02 3.565705128205128194e+00 1.250000000000000000e+02 3.545673076923076650e+00 4.617932645412974046e-02 3.575721153846153744e+00
1.620000000000000000e+02 3.012797930371811982e-06 6.365158301617300897e-04 4.501597327777208390e-02 3.595753205128204844e+00 1.250000000000000000e+02 3.545673076923076650e+00 4.617932645412974046e-02 3.575721153846153744e+00
1.630000000000000000e+02 2.877199686685807089e-06 3.310473803139757365e-04 4.437015662924983367e-02 3.605769230769230393e+00 1.250000000000000000e+02 3.545673076923076650e+00 4.617932645412974046e-02 3.575721153846153744e+00
1.640000000000000000e+02 2.747704369288144132e-06 3.047027950359686025e-04 4.454285635923346115e-02 3.605769230769230393e+00 1.250000000000000000e+02 3.545673076923076650e+00 4.617932645412974046e-02 3.575721153846153744e+00
1.650000000000000000e+02 2.624037301248883572e-06 3.373485237955863416e-04 4.465600800437805051e-02 3.575721153846153744e+00 1.250000000000000000e+02 3.545673076923076650e+00 4.617932645412974046e-02 3.575721153846153744e+00
1.660000000000000000e+02 2.505936168136381120e-06 4.221189744719978042e-04 4.489141414897181853e-02 3.655849358974359031e+00 1.250000000000000000e+02 3.545673076923076650e+00 4.617932645412974046e-02 3.575721153846153744e+00
1.670000000000000000e+02 2.393150461613210763e-06 4.907755893854252741e-04 4.464783788157197092e-02 3.625801282051282382e+00 1.250000000000000000e+02 3.545673076923076650e+00 4.617932645412974046e-02 3.575721153846153744e+00
1.680000000000000000e+02 2.285440948074393269e-06 5.555349896320350631e-04 4.492100201642666019e-02 3.595753205128204844e+00 1.250000000000000000e+02 3.545673076923076650e+00 4.617932645412974046e-02 3.575721153846153744e+00
1.690000000000000000e+02 2.182579161200847368e-06 3.858666231711762912e-04 4.508324129841266570e-02 3.645833333333333481e+00 1.250000000000000000e+02 3.545673076923076650e+00 4.617932645412974046e-02 3.575721153846153744e+00
1.700000000000000000e+02 2.084346917351693942e-06 4.364538667447815821e-04 4.498534880053156604e-02 3.625801282051282382e+00 1.250000000000000000e+02 3.545673076923076650e+00 4.617932645412974046e-02 3.575721153846153744e+00
1.710000000000000000e+02 1.990535852767502347e-06 3.353875191877657294e-04 4.455386306374119199e-02 3.625801282051282382e+00 1.250000000000000000e+02 3.545673076923076650e+00 4.617932645412974046e-02 3.575721153846153744e+00
1.720000000000000000e+02 1.900946981602821430e-06 3.221244285573208912e-04 4.437185555266646292e-02 3.645833333333333481e+00 1.250000000000000000e+02 3.545673076923076650e+00 4.617932645412974046e-02 3.575721153846153744e+00
1.730000000000000000e+02 1.815390273850521654e-06 3.090931403628354259e-04 4.438562694793710128e-02 3.595753205128204844e+00 1.250000000000000000e+02 3.545673076923076650e+00 4.617932645412974046e-02 3.575721153846153744e+00
1.740000000000000000e+02 1.733684252262672609e-06 4.774714793113258009e-04 4.439696895245175828e-02 3.605769230769230393e+00 1.250000000000000000e+02 3.545673076923076650e+00 4.617932645412974046e-02 3.575721153846153744e+00
1.750000000000000000e+02 1.655655607412969315e-06 2.831225708513030403e-04 4.432499808713029343e-02 3.615785256410256832e+00 1.250000000000000000e+02 3.545673076923076650e+00 4.617932645412974046e-02 3.575721153846153744e+00
1.760000000000000000e+02 1.581138830084202936e-06 4.925498525201538668e-04 4.468238797898475834e-02 3.595753205128204844e+00 1.250000000000000000e+02 3.545673076923076650e+00 4.617932645412974046e-02 3.575721153846153744e+00
1.770000000000000000e+02 1.509975860201020866e-06 5.190269189130814918e-04 4.440454981074883067e-02 3.615785256410256832e+00 1.250000000000000000e+02 3.545673076923076650e+00 4.617932645412974046e-02 3.575721153846153744e+00
1.780000000000000000e+02 1.442015751563315222e-06 4.674992049235458694e-04 4.467510014103773242e-02 3.615785256410256832e+00 1.250000000000000000e+02 3.545673076923076650e+00 4.617932645412974046e-02 3.575721153846153744e+00
1.790000000000000000e+02 1.377114351669095024e-06 5.690416989014728845e-04 4.475598479024110732e-02 3.615785256410256832e+00 1.250000000000000000e+02 3.545673076923076650e+00 4.617932645412974046e-02 3.575721153846153744e+00
1.800000000000000000e+02 1.315133995947702268e-06 2.765564108573782430e-04 4.494061540716733777e-02 3.625801282051282382e+00 1.250000000000000000e+02 3.545673076923076650e+00 4.617932645412974046e-02 3.575721153846153744e+00
1.810000000000000000e+02 1.255943215754800877e-06 4.111503124142090238e-04 4.493117907968086772e-02 3.595753205128204844e+00 1.250000000000000000e+02 3.545673076923076650e+00 4.617932645412974046e-02 3.575721153846153744e+00
1.820000000000000000e+02 1.199416459509755646e-06 3.158921137678828814e-04 4.452437731938866522e-02 3.585737179487179294e+00 1.250000000000000000e+02 3.545673076923076650e+00 4.617932645412974046e-02 3.575721153846153744e+00
1.830000000000000000e+02 1.145433826383896470e-06 6.625367141647362738e-04 4.505626237593018252e-02 3.625801282051282382e+00 1.250000000000000000e+02 3.545673076923076650e+00 4.617932645412974046e-02 3.575721153846153744e+00
1.840000000000000000e+02 1.093880811974785820e-06 3.352679654390636958e-04 4.467035665248449139e-02 3.605769230769230393e+00 1.250000000000000000e+02 3.545673076923076650e+00 4.617932645412974046e-02 3.575721153846153744e+00
1.850000000000000000e+02 1.044648065427028797e-06 2.789066894892082297e-04 4.423528933563293519e-02 3.625801282051282382e+00 1.250000000000000000e+02 3.545673076923076650e+00 4.617932645412974046e-02 3.575721153846153744e+00
1.860000000000000000e+02 9.976311574844484590e-07 3.437213005159527913e-04 4.462404013014374671e-02 3.605769230769230393e+00 1.250000000000000000e+02 3.545673076923076650e+00 4.617932645412974046e-02 3.575721153846153744e+00
1.870000000000000000e+02 9.527303589816318926e-07 3.464890620594623417e-04 4.481654685850326725e-02 3.615785256410256832e+00 1.250000000000000000e+02 3.545673076923076650e+00 4.617932645412974046e-02 3.575721153846153744e+00
1.880000000000000000e+02 9.098504293049996557e-07 3.603252719729329884e-04 4.460340757400561851e-02 3.625801282051282382e+00 1.250000000000000000e+02 3.545673076923076650e+00 4.617932645412974046e-02 3.575721153846153744e+00
1.890000000000000000e+02 8.689004143746953720e-07 3.242538543035104618e-04 4.418110063012976180e-02 3.565705128205128194e+00 1.250000000000000000e+02 3.545673076923076650e+00 4.617932645412974046e-02 3.575721153846153744e+00
1.900000000000000000e+02 8.297934537187876590e-07 4.486898363354971126e-04 4.441483965955483892e-02 3.635817307692307931e+00 1.250000000000000000e+02 3.545673076923076650e+00 4.617932645412974046e-02 3.575721153846153744e+00
1.910000000000000000e+02 7.924465962305638164e-07 4.526354658465654842e-04 4.472007879461997737e-02 3.645833333333333481e+00 1.250000000000000000e+02 3.545673076923076650e+00 4.617932645412974046e-02 3.575721153846153744e+00
1.920000000000000000e+02 7.567806242181108959e-07 3.730323327736665621e-04 4.500403120301854631e-02 3.605769230769230393e+00 1.250000000000000000e+02 3.545673076923076650e+00 4.617932645412974046e-02 3.575721153846153744e+00
1.930000000000000000e+02 7.227198853729703206e-07 3.544506168844619386e-04 4.486684269534471636e-02 3.585737179487179294e+00 1.250000000000000000e+02 3.545673076923076650e+00 4.617932645412974046e-02 3.575721153846153744e+00
1.940000000000000000e+02 6.901921323014486692e-07 3.197361423333763570e-04 4.463397710321423406e-02 3.565705128205128194e+00 1.250000000000000000e+02 3.545673076923076650e+00 4.617932645412974046e-02 3.575721153846153744e+00
1.950000000000000000e+02 6.591283692782095196e-07 3.739331269140453123e-04 4.442294810015039869e-02 3.595753205128204844e+00 1.250000000000000000e+02 3.545673076923076650e+00 4.617932645412974046e-02 3.575721153846153744e+00
1.960000000000000000e+02 6.294627058970893040e-07 1.955079430780116089e-04 4.431172722998338170e-02 3.645833333333333481e+00 1.250000000000000000e+02 3.545673076923076650e+00 4.617932645412974046e-02 3.575721153846153744e+00
1.970000000000000000e+02 6.011322173087118833e-07 4.613456334673652552e-04 4.427571065771656461e-02 3.565705128205128194e+00 1.250000000000000000e+02 3.545673076923076650e+00 4.617932645412974046e-02 3.575721153846153744e+00
1.980000000000000000e+02 5.740768107484465559e-07 3.519616900456113361e-04 4.458325824294334661e-02 3.615785256410256832e+00 1.250000000000000000e+02 3.545673076923076650e+00 4.617932645412974046e-02 3.575721153846153744e+00
1.990000000000000000e+02 5.482390980715975259e-07 3.595628950757887260e-04 4.432760545601829166e-02 3.605769230769230393e+00 1.250000000000000000e+02 3.545673076923076650e+00 4.617932645412974046e-02 3.575721153846153744e+00
2.000000000000000000e+02 5.235642740254545613e-07 3.295413591427189090e-04 4.473470497685365366e-02 3.575721153846153744e+00 1.250000000000000000e+02 3.545673076923076650e+00 4.617932645412974046e-02 3.575721153846153744e+00
