# Train Loss, Validation Loss, Validation Error, Test Error
3.941221354642113761e-01 3.571352263291676654e-01 8.079927884615383959e+01 3.161057692307692335e+01
3.602998101621922022e-01 3.548296487484222661e-01 7.139423076923077360e+01 0.000000000000000000e+00
3.604098512261156850e-01 3.564768250171954644e-01 7.148437500000000000e+01 0.000000000000000000e+00
3.603932540316941990e-01 3.550968651588146674e-01 7.836538461538461320e+01 0.000000000000000000e+00
3.603937640218419225e-01 3.492005933553744557e-01 4.996995192307691980e+01 0.000000000000000000e+00
3.603964275415802998e-01 3.583899503334974646e-01 7.538060897435897800e+01 0.000000000000000000e+00
3.603298003453154208e-01 3.627780844003726246e-01 8.593750000000000000e+01 0.000000000000000000e+00
3.603239985349251384e-01 3.521355084883860953e-01 5.025040064102563520e+01 0.000000000000000000e+00
3.602890222985472013e-01 3.502660989761352539e-01 6.093750000000000000e+01 0.000000000000000000e+00
3.602660901839847551e-01 3.599111598271589885e-01 8.959334935897436480e+01 0.000000000000000000e+00
3.602326396552567589e-01 3.510511016998535405e-01 5.084134615384615330e+01 0.000000000000000000e+00
3.601843724207607345e-01 3.548325078609662064e-01 6.377203525641025550e+01 0.000000000000000000e+00
3.601770757102430442e-01 3.445842560285177214e-01 4.226762820512820440e+01 0.000000000000000000e+00
3.601139372285643847e-01 3.442894197427309733e-01 4.235777243589743080e+01 0.000000000000000000e+00
3.600739363876452326e-01 3.442017443669148080e-01 5.231370192307692690e+01 0.000000000000000000e+00
3.600038511540128994e-01 3.446318484269655924e-01 2.987780448717948900e+01 0.000000000000000000e+00
3.599758153777804504e-01 3.459044561172143206e-01 4.154647435897436480e+01 0.000000000000000000e+00
3.599299457875882458e-01 3.541738891448730220e-01 7.624198717948718240e+01 0.000000000000000000e+00
3.598836563401934252e-01 3.487200385484939824e-01 5.934495192307692690e+01 0.000000000000000000e+00
3.598609132218703599e-01 3.467622930422807337e-01 4.354967948717948900e+01 0.000000000000000000e+00
3.597687550219500485e-01 3.463744803881033674e-01 5.727163461538461320e+01 0.000000000000000000e+00
3.597311250572275965e-01 3.458671527795302292e-01 4.413060897435897800e+01 0.000000000000000000e+00
3.597144118552651482e-01 3.472278152520840155e-01 4.644431089743589780e+01 0.000000000000000000e+00
3.596272521432975489e-01 3.480736086001762764e-01 4.956931089743589780e+01 0.000000000000000000e+00
3.595996070362343366e-01 3.459896407066247459e-01 4.145633012820512420e+01 0.000000000000000000e+00
3.595444869801522891e-01 3.481732415847288986e-01 4.465144230769230660e+01 0.000000000000000000e+00
3.595281634049293240e-01 3.441979182072175125e-01 4.199719551282051100e+01 0.000000000000000000e+00
3.594372807109005863e-01 3.448223463999919303e-01 4.512219551282051100e+01 0.000000000000000000e+00
3.593600658719648400e-01 3.433223053430899396e-01 4.830729166666667140e+01 0.000000000000000000e+00
3.593147268226785651e-01 3.439027311710211032e-01 3.977363782051281760e+01 0.000000000000000000e+00
3.592904018544167966e-01 3.437529916946704400e-01 3.851161858974359120e+01 0.000000000000000000e+00
3.591692429605981007e-01 3.501881380111743214e-01 5.122195512820513130e+01 0.000000000000000000e+00
3.591812058287363607e-01 3.447850507039290080e-01 4.511217948717948900e+01 0.000000000000000000e+00
3.591440026645433825e-01 3.426871280639599560e-01 4.559294871794871540e+01 0.000000000000000000e+00
3.590806734554474189e-01 3.425095879878753413e-01 4.419070512820512420e+01 0.000000000000000000e+00
3.590395837221794784e-01 3.432833284903795135e-01 4.372996794871794890e+01 0.000000000000000000e+00
3.590069767238943110e-01 3.439523214713121058e-01 4.899839743589743080e+01 0.000000000000000000e+00
3.589421716203993196e-01 3.453140430725537557e-01 4.754607371794871540e+01 0.000000000000000000e+00
3.588397483725908055e-01 3.444421799519123417e-01 4.818709935897436480e+01 0.000000000000000000e+00
3.588326349994080400e-01 3.457989685046367057e-01 4.899839743589743080e+01 0.000000000000000000e+00
3.588216367510986826e-01 3.447235115827658181e-01 5.090144230769231370e+01 0.000000000000000000e+00
3.587449585401140673e-01 3.480341896796838030e-01 4.995993589743589780e+01 0.000000000000000000e+00
3.586843202145378329e-01 3.453046576334879991e-01 4.978966346153846700e+01 0.000000000000000000e+00
3.586309103575592849e-01 3.423041410935230844e-01 5.009014423076922640e+01 0.000000000000000000e+00
3.585575294822249681e-01 3.464994464929287421e-01 5.233373397435897800e+01 0.000000000000000000e+00
3.585887617762575919e-01 3.421900364068838352e-01 4.932892628205128460e+01 0.000000000000000000e+00
3.585145675450991387e-01 3.433696448038786042e-01 4.941907051282051100e+01 0.000000000000000000e+00
3.584714456694637064e-01 3.434801342395635837e-01 4.854767628205128460e+01 0.000000000000000000e+00
3.584629648518070644e-01 3.436247465702203518e-01 5.135216346153845990e+01 0.000000000000000000e+00
3.583998035483625388e-01 3.448371428709763875e-01 5.339543269230768630e+01 0.000000000000000000e+00
3.583162811902967926e-01 3.446801927609321470e-01 5.285456730769231370e+01 0.000000000000000000e+00
3.583133635969180109e-01 3.453555565613966594e-01 4.884815705128205110e+01 0.000000000000000000e+00
3.582756142181429682e-01 3.450172646687580946e-01 5.131209935897436480e+01 0.000000000000000000e+00
3.582721917350764063e-01 3.438350734038230772e-01 4.987980769230769340e+01 0.000000000000000000e+00
3.582202924891310647e-01 3.440530800666564692e-01 4.761618589743589780e+01 0.000000000000000000e+00
3.581991437485186891e-01 3.439885423733637926e-01 5.102163461538461320e+01 0.000000000000000000e+00
3.581854384776430589e-01 3.437995845690751673e-01 4.793669871794871540e+01 0.000000000000000000e+00
3.581212373318931053e-01 3.437716525334578166e-01 5.094150641025640880e+01 0.000000000000000000e+00
3.581029615277130373e-01 3.429200236613934027e-01 4.988982371794871540e+01 0.000000000000000000e+00
3.580600670134552188e-01 3.439021366528975387e-01 5.114182692307692690e+01 0.000000000000000000e+00
3.580350225638926354e-01 3.436538867461375601e-01 5.119190705128205110e+01 0.000000000000000000e+00
3.579883763262958762e-01 3.450130583384098393e-01 5.151241987179486870e+01 0.000000000000000000e+00
3.579517268412266695e-01 3.422741011167184100e-01 5.116185897435897800e+01 0.000000000000000000e+00
3.579987120918747823e-01 3.446983985411815055e-01 5.186298076923077360e+01 0.000000000000000000e+00
3.578945309165714184e-01 3.438824587143384237e-01 5.456730769230768630e+01 0.000000000000000000e+00
3.577850679730267269e-01 3.437115614994978308e-01 5.309495192307692690e+01 0.000000000000000000e+00
3.578743391450980860e-01 3.434716661771138324e-01 5.138221153846154010e+01 0.000000000000000000e+00
3.578308438003844905e-01 3.439159462085136787e-01 5.298477564102563520e+01 0.000000000000000000e+00
3.578123579652215391e-01 3.424357538804029821e-01 5.344551282051281760e+01 0.000000000000000000e+00
3.577974330515209522e-01 3.450327932070463288e-01 5.351562500000000000e+01 0.000000000000000000e+00
3.577980255053089254e-01 3.441505630811055316e-01 5.121193910256410931e+01 0.000000000000000000e+00
3.577317947301918433e-01 3.437484567746137976e-01 5.280448717948718240e+01 0.000000000000000000e+00
3.577718634221198069e-01 3.434334385853547444e-01 5.271434294871794890e+01 0.000000000000000000e+00
3.577195091928116466e-01 3.440615519499167219e-01 5.189302884615384670e+01 0.000000000000000000e+00
3.575985916959427691e-01 3.432828741960036179e-01 5.101161858974359120e+01 0.000000000000000000e+00
3.576091667549972097e-01 3.427564371854830982e-01 5.330528846153845990e+01 0.000000000000000000e+00
3.575792823598803460e-01 3.435139277806648628e-01 5.249399038461538680e+01 0.000000000000000000e+00
3.575390041023399634e-01 3.440552132251935014e-01 5.346554487179486870e+01 0.000000000000000000e+00
3.575641404160255776e-01 3.438086979664288778e-01 5.375600961538461320e+01 0.000000000000000000e+00
3.575763670933537197e-01 3.435242137847802635e-01 5.310496794871794890e+01 0.000000000000000000e+00
3.574903777321750686e-01 3.435067156186470405e-01 5.495793269230768630e+01 0.000000000000000000e+00
3.575222208900499243e-01 3.439675458730795388e-01 5.463741987179486870e+01 0.000000000000000000e+00
3.574345809344125491e-01 3.434331054106736780e-01 5.188301282051281760e+01 0.000000000000000000e+00
3.574981471845911640e-01 3.423577417165805103e-01 5.316506410256410931e+01 0.000000000000000000e+00
3.574946303988604801e-01 3.435365015115493525e-01 5.506810897435897800e+01 0.000000000000000000e+00
3.573503072823233095e-01 3.428726096947987689e-01 5.395633012820513130e+01 0.000000000000000000e+00
3.574751588905103472e-01 3.434682878164144748e-01 5.476762820512820440e+01 0.000000000000000000e+00
3.574153355774769003e-01 3.426243888261990556e-01 5.371594551282051810e+01 0.000000000000000000e+00
3.573621677875816749e-01 3.434336754756096011e-01 5.515825320512820440e+01 0.000000000000000000e+00
3.573401772663192810e-01 3.433140466610590802e-01 5.329527243589743080e+01 0.000000000000000000e+00
3.573998687492170312e-01 3.426860891855679769e-01 5.268429487179486870e+01 0.000000000000000000e+00
3.573540545567209237e-01 3.434989039714519965e-01 5.467748397435897800e+01 0.000000000000000000e+00
3.572962607427510040e-01 3.435677060714134590e-01 5.310496794871794890e+01 0.000000000000000000e+00
3.573317027777005439e-01 3.426588517733109573e-01 5.323517628205127750e+01 0.000000000000000000e+00
3.572025286041893288e-01 3.420796180382753016e-01 5.318509615384615330e+01 0.000000000000000000e+00
3.572605095901465466e-01 3.431192785501480103e-01 5.360576923076922640e+01 0.000000000000000000e+00
3.572617746345107537e-01 3.435311932594348194e-01 5.370592948717948190e+01 0.000000000000000000e+00
3.572781922331755844e-01 3.433177150212801676e-01 5.461738782051281760e+01 0.000000000000000000e+00
3.572285373012845100e-01 3.439771498625094903e-01 5.453725961538461320e+01 0.000000000000000000e+00
3.572283756129820409e-01 3.429569464463453898e-01 5.433693910256410931e+01 0.000000000000000000e+00
3.572187264921663497e-01 3.433586320815942283e-01 5.528846153846154010e+01 0.000000000000000000e+00
3.571903980351626151e-01 3.431513110796610699e-01 5.386618589743589069e+01 0.000000000000000000e+00
3.572018214458975716e-01 3.428185750276614430e-01 5.363581730769231370e+01 0.000000000000000000e+00
3.571601056777112815e-01 3.428602952223557820e-01 5.494791666666666430e+01 0.000000000000000000e+00
3.571336890368965178e-01 3.432972060564236649e-01 5.446714743589743080e+01 0.000000000000000000e+00
3.571599581925143929e-01 3.440638474929026969e-01 5.489783653846154010e+01 0.000000000000000000e+00
3.570757145475105254e-01 3.437428027391433716e-01 5.525841346153845990e+01 0.000000000000000000e+00
3.571073268816516988e-01 3.428527510319000493e-01 5.462740384615384670e+01 0.000000000000000000e+00
3.571092600490360369e-01 3.433560981200291518e-01 5.444711538461538680e+01 0.000000000000000000e+00
3.570714634072401084e-01 3.426395780765093546e-01 5.440705128205127750e+01 0.000000000000000000e+00
3.570123100600936517e-01 3.431671078388507379e-01 5.415665064102563520e+01 0.000000000000000000e+00
3.571419996406643427e-01 3.433030836093119986e-01 5.353565705128205110e+01 0.000000000000000000e+00
3.571145262552901101e-01 3.430769680402217525e-01 5.425681089743589069e+01 0.000000000000000000e+00
3.569969017568191405e-01 3.430072840971824522e-01 5.481770833333333570e+01 0.000000000000000000e+00
3.570405070964877692e-01 3.436671277651420220e-01 5.577924679487179560e+01 0.000000000000000000e+00
3.570722197644938256e-01 3.429839867047774216e-01 5.606971153846154010e+01 0.000000000000000000e+00
3.570404912552783139e-01 3.434038425867373956e-01 5.529847756410256920e+01 0.000000000000000000e+00
3.569403126007463789e-01 3.434417843818664551e-01 5.499799679487179560e+01 0.000000000000000000e+00
3.570025776565856623e-01 3.434482125135568387e-01 5.607972756410256920e+01 0.000000000000000000e+00
3.569496251470516968e-01 3.429483897410906534e-01 5.500801282051281760e+01 0.000000000000000000e+00
3.569688650126162099e-01 3.432818486904486432e-01 5.419671474358974450e+01 0.000000000000000000e+00
3.569006070839025879e-01 3.432234437801899296e-01 5.425681089743589069e+01 0.000000000000000000e+00
3.569422776180829482e-01 3.430847720457957384e-01 5.457732371794872250e+01 0.000000000000000000e+00
3.569437602882754579e-01 3.440280071435830589e-01 5.622996794871794890e+01 0.000000000000000000e+00
3.570120057078319253e-01 3.435734250606634621e-01 5.487780448717948190e+01 0.000000000000000000e+00
3.568527006604089169e-01 3.430153563236578718e-01 5.668068910256410931e+01 0.000000000000000000e+00
3.569548423591067943e-01 3.429939456475086801e-01 5.524839743589743080e+01 0.000000000000000000e+00
3.569857401076441117e-01 3.431597019617373956e-01 5.452724358974359120e+01 0.000000000000000000e+00
3.569344499757481914e-01 3.430924770923761136e-01 5.509815705128205110e+01 0.000000000000000000e+00
3.569343185923681827e-01 3.429369532909148921e-01 5.504807692307692690e+01 0.000000000000000000e+00
3.569023372939346128e-01 3.433648733756480831e-01 5.522836538461538680e+01 0.000000000000000000e+00
3.568875562727711892e-01 3.434746788862423905e-01 5.558894230769231370e+01 0.000000000000000000e+00
3.569209368097864266e-01 3.432273933520683662e-01 5.585937500000000000e+01 0.000000000000000000e+00
3.568695958966690562e-01 3.429235942088640909e-01 5.534855769230768630e+01 0.000000000000000000e+00
3.568576463195102799e-01 3.432671003616772909e-01 5.515825320512820440e+01 0.000000000000000000e+00
3.568508298154327019e-01 3.434528528879850495e-01 5.574919871794872250e+01 0.000000000000000000e+00
3.568671414213281934e-01 3.432849962741900685e-01 5.537860576923077360e+01 0.000000000000000000e+00
3.568419748771793909e-01 3.435060939727685447e-01 5.517828525641025550e+01 0.000000000000000000e+00
3.569029754284841482e-01 3.434793693132889847e-01 5.529847756410256920e+01 0.000000000000000000e+00
3.567566265916913837e-01 3.428124059469271900e-01 5.583934294871794890e+01 0.000000000000000000e+00
3.568613412118121775e-01 3.426744452653787132e-01 5.597956730769231370e+01 0.000000000000000000e+00
3.568511756042775929e-01 3.430329091273821573e-01 5.582932692307692690e+01 0.000000000000000000e+00
3.568423787442540074e-01 3.433542293615830521e-01 5.507812500000000000e+01 0.000000000000000000e+00
3.567820856676929830e-01 3.429819681705572609e-01 5.543870192307692690e+01 0.000000000000000000e+00
3.567552840724578234e-01 3.428672964756305230e-01 5.535857371794872250e+01 0.000000000000000000e+00
3.568394553988967211e-01 3.432195889644133469e-01 5.533854166666666430e+01 0.000000000000000000e+00
3.567203497752631236e-01 3.429922499717810158e-01 5.513822115384615330e+01 0.000000000000000000e+00
3.567514358871359814e-01 3.429929824211658818e-01 5.522836538461538680e+01 0.000000000000000000e+00
3.569503263486019651e-01 3.429043904328957781e-01 5.552884615384615330e+01 0.000000000000000000e+00
3.567686347869096219e-01 3.432948298943348520e-01 5.574919871794872250e+01 0.000000000000000000e+00
3.568444458266334940e-01 3.433015633087891927e-01 5.630008012820513130e+01 0.000000000000000000e+00
3.567401687477917416e-01 3.429446292993350021e-01 5.543870192307692690e+01 0.000000000000000000e+00
3.567543620619454958e-01 3.430651728159341829e-01 5.544871794871794890e+01 0.000000000000000000e+00
3.568248700380772243e-01 3.432118953802646977e-01 5.551883012820513130e+01 0.000000000000000000e+00
3.567376043519550621e-01 3.429343394744090445e-01 5.588942307692307310e+01 0.000000000000000000e+00
3.567293371020965886e-01 3.431537437897462239e-01 5.523838141025640880e+01 0.000000000000000000e+00
3.567789161972222400e-01 3.432836910853019341e-01 5.556891025641025550e+01 0.000000000000000000e+00
3.568144872514699695e-01 3.435125836195089821e-01 5.567908653846154010e+01 0.000000000000000000e+00
3.567511467059503172e-01 3.430350942489428512e-01 5.555889423076922640e+01 0.000000000000000000e+00
3.567572415507934136e-01 3.432569419726347326e-01 5.591947115384615330e+01 0.000000000000000000e+00
3.566924360750020617e-01 3.429670616602286115e-01 5.607972756410256920e+01 0.000000000000000000e+00
3.567560048754106483e-01 3.431626416933842294e-01 5.595953525641025550e+01 0.000000000000000000e+00
3.567299172328756152e-01 3.433218013781767497e-01 5.615985576923077360e+01 0.000000000000000000e+00
3.567405806378525779e-01 3.432554048605454544e-01 5.619991987179486870e+01 0.000000000000000000e+00
3.567141533679771270e-01 3.433055533812596205e-01 5.605969551282051810e+01 0.000000000000000000e+00
3.566922408800285993e-01 3.430635249003385900e-01 5.651041666666666430e+01 0.000000000000000000e+00
3.567345426985057411e-01 3.429730874605668167e-01 5.564903846153845990e+01 0.000000000000000000e+00
3.567678173358257432e-01 3.433030962179868806e-01 5.586939102564102200e+01 0.000000000000000000e+00
3.567488378170949881e-01 3.435156666315518637e-01 5.588942307692307310e+01 0.000000000000000000e+00
3.566962746364634174e-01 3.427451161237863309e-01 5.646033653846154010e+01 0.000000000000000000e+00
3.566877475796008112e-01 3.428581357002258301e-01 5.614983974358974450e+01 0.000000000000000000e+00
3.567924330861474425e-01 3.430382131766050446e-01 5.560897435897436480e+01 0.000000000000000000e+00
3.566722175726512178e-01 3.428291189364897629e-01 5.599959935897436480e+01 0.000000000000000000e+00
3.567221553753049390e-01 3.430293687643148903e-01 5.576923076923077360e+01 0.000000000000000000e+00
3.566710118537095298e-01 3.432272493075101960e-01 5.581931089743589069e+01 0.000000000000000000e+00
3.567573554176304285e-01 3.432916983579977765e-01 5.584935897435897800e+01 0.000000000000000000e+00
3.566598070926177977e-01 3.428744566746247391e-01 5.563902243589743080e+01 0.000000000000000000e+00
3.567035397390214135e-01 3.429897492512678503e-01 5.561899038461538680e+01 0.000000000000000000e+00
3.566525439818452048e-01 3.429948790715290907e-01 5.605969551282051810e+01 0.000000000000000000e+00
3.566756259456863032e-01 3.429438777458973520e-01 5.606971153846154010e+01 0.000000000000000000e+00
3.566863260590829032e-01 3.431233194393989439e-01 5.629006410256410931e+01 0.000000000000000000e+00
3.566592434545668433e-01 3.426395551516459581e-01 5.583934294871794890e+01 0.000000000000000000e+00
3.566391997267349678e-01 3.428562214741340264e-01 5.626001602564102200e+01 0.000000000000000000e+00
3.566292661715119716e-01 3.429694183361836068e-01 5.659054487179486870e+01 0.000000000000000000e+00
3.566162795628852189e-01 3.431720447081785808e-01 5.613982371794872250e+01 0.000000000000000000e+00
3.567046322798743674e-01 3.432747236429116722e-01 5.672075320512820440e+01 0.000000000000000000e+00
3.566561864548217775e-01 3.431818557855410567e-01 5.678084935897436480e+01 0.000000000000000000e+00
3.566140309860377222e-01 3.432700106730827705e-01 5.671073717948718240e+01 0.000000000000000000e+00
3.566071832649116424e-01 3.427494214131281969e-01 5.621995192307692690e+01 0.000000000000000000e+00
3.566352744574549649e-01 3.429716733785775906e-01 5.622996794871794890e+01 0.000000000000000000e+00
3.566344590726157615e-01 3.428847533770096878e-01 5.599959935897436480e+01 0.000000000000000000e+00
3.566432627456624371e-01 3.432332984147927757e-01 5.678084935897436480e+01 0.000000000000000000e+00
3.566573605471890507e-01 3.431624942100964804e-01 5.626001602564102200e+01 0.000000000000000000e+00
3.566610692889150003e-01 3.430483169280565958e-01 5.595953525641025550e+01 0.000000000000000000e+00
3.566101721344256403e-01 3.429608872303596123e-01 5.671073717948718240e+01 0.000000000000000000e+00
3.566505944520365623e-01 3.429221335129860049e-01 5.592948717948718240e+01 0.000000000000000000e+00
3.566331764000196247e-01 3.430618001864506605e-01 5.631009615384615330e+01 0.000000000000000000e+00
3.566481544217938171e-01 3.429325727316049344e-01 5.594951923076922640e+01 0.000000000000000000e+00
3.566282042892630066e-01 3.431563961964387288e-01 5.653044871794872250e+01 0.000000000000000000e+00
3.567023223113596764e-01 3.432541214502774496e-01 5.644030448717948190e+01 0.000000000000000000e+00
