# Epoch, LR, Training Loss, Validation Loss, Validation Error, Best Epoch, Best Validation Error, Test Loss, Test Error
1.000000000000000000e+00 5.000000000000000104e-03 3.745194608003316605e-01 3.600643567549876578e-01 9.047475961538461320e+01 1.000000000000000000e+00 9.047475961538461320e+01 3.600087051208202826e-01 9.069511217948718240e+01
2.000000000000000000e+00 4.908739715099921623e-03 3.602480571646201057e-01 3.598634470731784107e-01 9.435096153846154721e+01 1.000000000000000000e+00 9.047475961538461320e+01 3.600087051208202826e-01 9.069511217948718240e+01
3.000000000000000000e+00 4.819145118119851946e-03 3.602494325663502250e-01 3.604093213111926319e-01 9.242788461538461320e+01 1.000000000000000000e+00 9.047475961538461320e+01 3.600087051208202826e-01 9.069511217948718240e+01
4.000000000000000000e+00 4.731185806828964481e-03 3.602500518918490546e-01 3.601742979043569548e-01 9.101562500000000000e+01 1.000000000000000000e+00 9.047475961538461320e+01 3.600087051208202826e-01 9.069511217948718240e+01
5.000000000000000000e+00 4.644831933899680985e-03 3.602335833853490543e-01 3.602535396050184358e-01 9.428084935897436480e+01 1.000000000000000000e+00 9.047475961538461320e+01 3.600087051208202826e-01 9.069511217948718240e+01
6.000000000000000000e+00 4.560054196779547535e-03 3.602341607118589861e-01 3.594355361583905228e-01 9.029447115384616041e+01 6.000000000000000000e+00 9.029447115384616041e+01 3.593223824715002790e-01 8.965344551282051100e+01
7.000000000000000000e+00 4.476823827747967825e-03 3.602368311208161700e-01 3.603987995630655305e-01 9.255809294871795601e+01 6.000000000000000000e+00 9.029447115384616041e+01 3.593223824715002790e-01 8.965344551282051100e+01
8.000000000000000000e+00 4.395112584154419778e-03 3.602341986994326284e-01 3.605359819455024595e-01 9.637419871794872961e+01 6.000000000000000000e+00 9.029447115384616041e+01 3.593223824715002790e-01 8.965344551282051100e+01
9.000000000000000000e+00 4.314892738834849931e-03 3.602254515931633261e-01 3.592588691375194210e-01 8.866185897435897800e+01 9.000000000000000000e+00 8.866185897435897800e+01 3.594657713786149622e-01 8.930288461538461320e+01
1.000000000000000000e+01 4.236137070702980859e-03 3.602112942813164853e-01 3.596817488089585901e-01 8.246193910256410220e+01 1.000000000000000000e+01 8.246193910256410220e+01 3.598245218014105573e-01 8.254206730769230660e+01
1.100000000000000000e+01 4.158818855513353625e-03 3.602181301899584631e-01 3.601014002775534406e-01 8.991386217948718240e+01 1.000000000000000000e+01 8.246193910256410220e+01 3.598245218014105573e-01 8.254206730769230660e+01
1.200000000000000000e+01 4.082911856792960197e-03 3.602113889612927888e-01 3.605819642543792725e-01 9.332932692307693401e+01 1.000000000000000000e+01 8.246193910256410220e+01 3.598245218014105573e-01 8.254206730769230660e+01
1.300000000000000000e+01 4.008390316938393629e-03 3.602074724941954909e-01 3.595464817988566764e-01 8.160056089743589780e+01 1.300000000000000000e+01 8.160056089743589780e+01 3.594948320816724885e-01 8.127003205128204399e+01
1.400000000000000000e+01 3.935228948475491539e-03 3.602027054370884884e-01 3.612377819342491025e-01 9.018429487179486159e+01 1.300000000000000000e+01 8.160056089743589780e+01 3.594948320816724885e-01 8.127003205128204399e+01
1.500000000000000000e+01 3.863402925478509956e-03 3.601980350203387027e-01 3.594673016132452492e-01 8.843149038461538680e+01 1.300000000000000000e+01 8.160056089743589780e+01 3.594948320816724885e-01 8.127003205128204399e+01
1.600000000000000000e+01 3.792887875145917100e-03 3.601914253222776030e-01 3.604230204453834907e-01 8.919270833333334281e+01 1.300000000000000000e+01 8.160056089743589780e+01 3.594948320816724885e-01 8.127003205128204399e+01
1.700000000000000000e+01 3.723659869529943531e-03 3.601964943535880814e-01 3.590700045610085711e-01 8.676883012820513841e+01 1.300000000000000000e+01 8.160056089743589780e+01 3.594948320816724885e-01 8.127003205128204399e+01
1.800000000000000000e+01 3.655695417417085310e-03 3.601892502664462148e-01 3.595400639833548073e-01 8.005809294871795601e+01 1.800000000000000000e+01 8.005809294871795601e+01 3.595305451980003730e-01 7.978766025641024839e+01
1.900000000000000000e+01 3.588971456356806772e-03 3.601846494791021147e-01 3.603193450432557454e-01 9.284855769230769340e+01 1.800000000000000000e+01 8.005809294871795601e+01 3.595305451980003730e-01 7.978766025641024839e+01
2.000000000000000000e+01 3.523465344835732815e-03 3.601825969489657053e-01 3.605492753096116165e-01 9.233774038461538680e+01 1.800000000000000000e+01 8.005809294871795601e+01 3.595305451980003730e-01 7.978766025641024839e+01
2.100000000000000000e+01 3.459154854594680487e-03 3.601747212490050143e-01 3.596015068200918430e-01 9.009415064102563520e+01 1.800000000000000000e+01 8.005809294871795601e+01 3.595305451980003730e-01 7.978766025641024839e+01
2.200000000000000000e+01 3.396018163085920850e-03 3.601802443445710766e-01 3.595517759139721381e-01 8.636818910256410220e+01 1.800000000000000000e+01 8.005809294871795601e+01 3.595305451980003730e-01 7.978766025641024839e+01
2.300000000000000000e+01 3.334033846068108504e-03 3.601753184701704247e-01 3.594984396910055890e-01 9.003405448717948900e+01 1.800000000000000000e+01 8.005809294871795601e+01 3.595305451980003730e-01 7.978766025641024839e+01
2.400000000000000000e+01 3.273180870336372516e-03 3.601721671786447532e-01 3.601139833529790057e-01 8.692908653846154721e+01 1.800000000000000000e+01 8.005809294871795601e+01 3.595305451980003730e-01 7.978766025641024839e+01
2.500000000000000000e+01 3.213438586585095919e-03 3.601719686778023788e-01 3.606942257820031639e-01 9.092548076923077360e+01 1.800000000000000000e+01 8.005809294871795601e+01 3.595305451980003730e-01 7.978766025641024839e+01
2.600000000000000000e+01 3.154786722400963837e-03 3.601704729222828250e-01 3.601745596298804863e-01 9.486177884615383959e+01 1.800000000000000000e+01 8.005809294871795601e+01 3.595305451980003730e-01 7.978766025641024839e+01
2.700000000000000000e+01 3.097205375383904526e-03 3.601591964524961664e-01 3.593067427476246967e-01 8.820112179487179560e+01 1.800000000000000000e+01 8.005809294871795601e+01 3.595305451980003730e-01 7.978766025641024839e+01
2.800000000000000000e+01 3.040675006393586677e-03 3.601590514636311968e-01 3.592730642129213225e-01 8.600761217948718240e+01 1.800000000000000000e+01 8.005809294871795601e+01 3.595305451980003730e-01 7.978766025641024839e+01
2.900000000000000000e+01 2.985176432919181382e-03 3.601543985958788330e-01 3.602908165791096073e-01 9.295873397435897800e+01 1.800000000000000000e+01 8.005809294871795601e+01 3.595305451980003730e-01 7.978766025641024839e+01
3.000000000000000000e+01 2.930690822570140592e-03 3.601512255210840285e-01 3.604548283112354867e-01 9.016426282051281760e+01 1.800000000000000000e+01 8.005809294871795601e+01 3.595305451980003730e-01 7.978766025641024839e+01
3.100000000000000000e+01 2.877199686685781577e-03 3.601529153203178457e-01 3.598012075974391100e-01 8.832131410256410220e+01 1.800000000000000000e+01 8.005809294871795601e+01 3.595305451980003730e-01 7.978766025641024839e+01
3.200000000000000000e+01 2.824684874061509417e-03 3.601529323858302378e-01 3.600391428440045116e-01 9.003405448717948900e+01 1.800000000000000000e+01 8.005809294871795601e+01 3.595305451980003730e-01 7.978766025641024839e+01
3.300000000000000000e+01 2.773128564789550336e-03 3.601395554415626754e-01 3.599796402148711105e-01 9.678485576923077360e+01 1.800000000000000000e+01 8.005809294871795601e+01 3.595305451980003730e-01 7.978766025641024839e+01
3.400000000000000000e+01 2.722513264212102473e-03 3.601439193363274449e-01 3.594506669502992025e-01 8.397435897435897800e+01 1.800000000000000000e+01 8.005809294871795601e+01 3.595305451980003730e-01 7.978766025641024839e+01
3.500000000000000000e+01 2.672821796984854986e-03 3.601358665750657995e-01 3.604333106523904817e-01 9.491185897435897800e+01 1.800000000000000000e+01 8.005809294871795601e+01 3.595305451980003730e-01 7.978766025641024839e+01
3.600000000000000000e+01 2.624037301248859696e-03 3.601369236320899336e-01 3.602669330743643039e-01 8.762019230769230660e+01 1.800000000000000000e+01 8.005809294871795601e+01 3.595305451980003730e-01 7.978766025641024839e+01
3.700000000000000000e+01 2.576143222908779031e-03 3.601310651187509815e-01 3.603778416529679895e-01 9.196714743589743080e+01 1.800000000000000000e+01 8.005809294871795601e+01 3.595305451980003730e-01 7.978766025641024839e+01
3.800000000000000000e+01 2.529123310015566912e-03 3.601330025303348670e-01 3.596738981894957443e-01 9.455128205128204399e+01 1.800000000000000000e+01 8.005809294871795601e+01 3.595305451980003730e-01 7.978766025641024839e+01
3.900000000000000000e+01 2.482961607251677003e-03 3.601308482152578705e-01 3.591220260430604827e-01 8.163060897435897800e+01 1.800000000000000000e+01 8.005809294871795601e+01 3.595305451980003730e-01 7.978766025641024839e+01
4.000000000000000000e+01 2.437642450516928298e-03 3.601283690133173510e-01 3.603964421229484683e-01 8.959334935897436480e+01 1.800000000000000000e+01 8.005809294871795601e+01 3.595305451980003730e-01 7.978766025641024839e+01
4.100000000000000000e+01 2.393150461613188350e-03 3.601267088199900934e-01 3.598874792074545637e-01 9.018429487179486159e+01 1.800000000000000000e+01 8.005809294871795601e+01 3.595305451980003730e-01 7.978766025641024839e+01
4.200000000000000000e+01 2.349470543026073530e-03 3.601227773421919465e-01 3.596621434658001659e-01 8.860176282051281760e+01 1.800000000000000000e+01 8.005809294871795601e+01 3.595305451980003730e-01 7.978766025641024839e+01
4.300000000000000000e+01 2.306587872801893393e-03 3.601167724197505970e-01 3.597607918274708383e-01 9.008413461538461320e+01 1.800000000000000000e+01 8.005809294871795601e+01 3.595305451980003730e-01 7.978766025641024839e+01
4.400000000000000000e+01 2.264487899518100120e-03 3.601184446057741351e-01 3.601657580106686352e-01 8.962339743589743080e+01 1.800000000000000000e+01 8.005809294871795601e+01 3.595305451980003730e-01 7.978766025641024839e+01
4.500000000000000000e+01 2.223156337345539961e-03 3.601152730834197291e-01 3.596628384712414750e-01 8.871193910256410220e+01 1.800000000000000000e+01 8.005809294871795601e+01 3.595305451980003730e-01 7.978766025641024839e+01
4.600000000000000000e+01 2.182579161200826155e-03 3.601130637228110998e-01 3.599835022901877180e-01 8.938301282051281760e+01 1.800000000000000000e+01 8.005809294871795601e+01 3.595305451980003730e-01 7.978766025641024839e+01
4.700000000000000000e+01 2.142742601987194032e-03 3.601059764057057966e-01 3.604419258160468931e-01 8.422475961538461320e+01 1.800000000000000000e+01 8.005809294871795601e+01 3.595305451980003730e-01 7.978766025641024839e+01
4.800000000000000000e+01 2.103633141922216752e-03 3.601116460803495123e-01 3.599158044044787896e-01 9.144631410256410220e+01 1.800000000000000000e+01 8.005809294871795601e+01 3.595305451980003730e-01 7.978766025641024839e+01
4.900000000000000000e+01 2.065237509950803088e-03 3.601054929886178257e-01 3.600280529413467656e-01 9.016426282051281760e+01 1.800000000000000000e+01 8.005809294871795601e+01 3.595305451980003730e-01 7.978766025641024839e+01
5.000000000000000000e+01 2.027542677241915559e-03 3.601047568070420146e-01 3.598982630631862301e-01 9.007411858974359120e+01 1.800000000000000000e+01 8.005809294871795601e+01 3.595305451980003730e-01 7.978766025641024839e+01
5.100000000000000000e+01 1.990535852767482804e-03 3.601047237676359147e-01 3.597490787506103516e-01 8.887219551282051100e+01 1.800000000000000000e+01 8.005809294871795601e+01 3.595305451980003730e-01 7.978766025641024839e+01
5.200000000000000000e+01 1.954204478962006525e-03 3.601003811726551929e-01 3.595243340883499394e-01 9.041466346153845279e+01 1.800000000000000000e+01 8.005809294871795601e+01 3.595305451980003730e-01 7.978766025641024839e+01
5.300000000000000000e+01 1.918536227461390201e-03 3.601003928933911302e-01 3.592382608315883297e-01 8.205128205128204399e+01 1.800000000000000000e+01 8.005809294871795601e+01 3.595305451980003730e-01 7.978766025641024839e+01
5.400000000000000000e+01 1.883518994919540675e-03 3.601003503995854338e-01 3.597205598384906056e-01 8.365384615384616041e+01 1.800000000000000000e+01 8.005809294871795601e+01 3.595305451980003730e-01 7.978766025641024839e+01
5.500000000000000000e+01 1.849140898901327490e-03 3.600981750189125030e-01 3.593476972518823143e-01 8.915264423076922640e+01 1.800000000000000000e+01 8.005809294871795601e+01 3.595305451980003730e-01 7.978766025641024839e+01
5.600000000000000000e+01 1.815390273850503097e-03 3.600961181714054105e-01 3.597430036618159410e-01 8.877203525641024839e+01 1.800000000000000000e+01 8.005809294871795601e+01 3.595305451980003730e-01 7.978766025641024839e+01
5.700000000000000000e+01 1.782255667131217624e-03 3.600946870140249723e-01 3.599241425593693866e-01 8.972355769230769340e+01 1.800000000000000000e+01 8.005809294871795601e+01 3.595305451980003730e-01 7.978766025641024839e+01
5.800000000000000000e+01 1.749725835141782921e-03 3.600882028067822205e-01 3.594524898590185646e-01 8.483573717948718240e+01 1.800000000000000000e+01 8.005809294871795601e+01 3.595305451980003730e-01 7.978766025641024839e+01
5.900000000000000000e+01 1.717789739499369674e-03 3.600915694002567169e-01 3.598292718331019269e-01 9.426081730769230660e+01 1.800000000000000000e+01 8.005809294871795601e+01 3.595305451980003730e-01 7.978766025641024839e+01
6.000000000000000000e+01 1.686436543294340864e-03 3.600890638521566656e-01 3.599622138799765114e-01 9.100560897435897800e+01 1.800000000000000000e+01 8.005809294871795601e+01 3.595305451980003730e-01 7.978766025641024839e+01
6.100000000000000000e+01 1.655655607412951985e-03 3.600851814405395257e-01 3.603391280541053399e-01 9.459134615384616041e+01 1.800000000000000000e+01 8.005809294871795601e+01 3.595305451980003730e-01 7.978766025641024839e+01
6.200000000000000000e+01 1.625436486927168359e-03 3.600850196770086775e-01 3.606421401103337421e-01 9.647435897435897800e+01 1.800000000000000000e+01 8.005809294871795601e+01 3.595305451980003730e-01 7.978766025641024839e+01
6.300000000000000000e+01 1.595768927550377230e-03 3.600863712973165764e-01 3.595490746009044059e-01 7.782451923076922640e+01 6.300000000000000000e+01 7.782451923076922640e+01 3.595730349039419904e-01 7.855568910256410220e+01
6.400000000000000000e+01 1.566642862157789206e-03 3.600830266721952722e-01 3.604238407734112748e-01 8.862179487179486159e+01 6.300000000000000000e+01 7.782451923076922640e+01 3.595730349039419904e-01 7.855568910256410220e+01
6.500000000000000000e+01 1.538048407370350536e-03 3.600782031002153216e-01 3.599817282878435831e-01 8.936298076923077360e+01 6.300000000000000000e+01 7.782451923076922640e+01 3.595730349039419904e-01 7.855568910256410220e+01
6.600000000000000000e+01 1.509975860201004600e-03 3.600799182710840984e-01 3.593956713493053901e-01 7.946714743589743080e+01 6.300000000000000000e+01 7.782451923076922640e+01 3.595730349039419904e-01 7.855568910256410220e+01
6.700000000000000000e+01 1.482415694762167667e-03 3.600798484830348700e-01 3.599505099730613833e-01 8.897235576923077360e+01 6.300000000000000000e+01 7.782451923076922640e+01 3.595730349039419904e-01 7.855568910256410220e+01
6.800000000000000000e+01 1.455358559033299165e-03 3.600795292015764870e-01 3.601228885161570914e-01 9.158653846153845279e+01 6.300000000000000000e+01 7.782451923076922640e+01 3.595730349039419904e-01 7.855568910256410220e+01
6.900000000000000000e+01 1.428795271687469896e-03 3.600763364398736344e-01 3.603469496354078649e-01 9.116586538461538680e+01 6.300000000000000000e+01 7.782451923076922640e+01 3.595730349039419904e-01 7.855568910256410220e+01
7.000000000000000000e+01 1.402716818975853312e-03 3.600740284218685305e-01 3.598818442760369773e-01 8.549679487179486159e+01 6.300000000000000000e+01 7.782451923076922640e+01 3.595730349039419904e-01 7.855568910256410220e+01
7.100000000000000000e+01 1.377114351669079736e-03 3.600717560268928974e-01 3.590100846993617423e-01 8.099959935897436480e+01 6.300000000000000000e+01 7.782451923076922640e+01 3.595730349039419904e-01 7.855568910256410220e+01
7.200000000000000000e+01 1.351979182054418313e-03 3.600713462355170091e-01 3.599475270662552129e-01 8.582732371794872961e+01 6.300000000000000000e+01 7.782451923076922640e+01 3.595730349039419904e-01 7.855568910256410220e+01
7.300000000000000000e+01 1.327302780987766034e-03 3.600693337515430970e-01 3.599089808188952189e-01 9.040464743589743080e+01 6.300000000000000000e+01 7.782451923076922640e+01 3.595730349039419904e-01 7.855568910256410220e+01
7.400000000000000000e+01 1.303076774999444194e-03 3.600675323314690979e-01 3.597712516784667969e-01 8.239182692307693401e+01 6.300000000000000000e+01 7.782451923076922640e+01 3.595730349039419904e-01 7.855568910256410220e+01
7.500000000000000000e+01 1.279292943452819357e-03 3.600680414525879169e-01 3.599172566945736396e-01 8.848157051282051100e+01 6.300000000000000000e+01 7.782451923076922640e+01 3.595730349039419904e-01 7.855568910256410220e+01
7.600000000000000000e+01 1.255943215754786466e-03 3.600615982509233759e-01 3.598210781048505891e-01 8.780048076923077360e+01 6.300000000000000000e+01 7.782451923076922640e+01 3.595730349039419904e-01 7.855568910256410220e+01
7.700000000000000000e+01 1.233019668617166102e-03 3.600649202844489194e-01 3.596873409472979288e-01 8.042868589743589780e+01 6.300000000000000000e+01 7.782451923076922640e+01 3.595730349039419904e-01 7.855568910256410220e+01
7.800000000000000000e+01 1.210514523368085623e-03 3.600622723688794991e-01 3.594058278279426699e-01 8.712940705128204399e+01 6.300000000000000000e+01 7.782451923076922640e+01 3.595730349039419904e-01 7.855568910256410220e+01
7.900000000000000000e+01 1.188420143312434764e-03 3.600604462306309372e-01 3.590990755802545564e-01 7.902644230769230660e+01 6.300000000000000000e+01 7.782451923076922640e+01 3.595730349039419904e-01 7.855568910256410220e+01
8.000000000000000000e+01 1.166729031140497762e-03 3.600575337354069982e-01 3.595181737954800116e-01 8.622796474358975161e+01 6.300000000000000000e+01 7.782451923076922640e+01 3.595730349039419904e-01 7.855568910256410220e+01
8.100000000000000000e+01 1.145433826383882936e-03 3.600574453105189199e-01 3.598880932117120013e-01 8.509615384615383959e+01 6.300000000000000000e+01 7.782451923076922640e+01 3.595730349039419904e-01 7.855568910256410220e+01
8.200000000000000000e+01 1.124527302917886903e-03 3.600588820733044981e-01 3.593631898745512365e-01 8.436498397435897800e+01 6.300000000000000000e+01 7.782451923076922640e+01 3.595730349039419904e-01 7.855568910256410220e+01
8.300000000000000000e+01 1.104002366509446251e-03 3.600596395017831575e-01 3.598374816087576145e-01 8.965344551282051100e+01 6.300000000000000000e+01 7.782451923076922640e+01 3.595730349039419904e-01 7.855568910256410220e+01
8.400000000000000000e+01 1.083852052409843775e-03 3.600574575600666294e-01 3.598332573205996754e-01 8.937299679487179560e+01 6.300000000000000000e+01 7.782451923076922640e+01 3.595730349039419904e-01 7.855568910256410220e+01
8.500000000000000000e+01 1.064069522991352434e-03 3.600548874969264901e-01 3.602066227258780007e-01 9.297876602564102200e+01 6.300000000000000000e+01 7.782451923076922640e+01 3.595730349039419904e-01 7.855568910256410220e+01
8.600000000000000000e+01 1.044648065427016253e-03 3.600560448468864694e-01 3.599555186736277945e-01 8.985376602564102200e+01 6.300000000000000000e+01 7.782451923076922640e+01 3.595730349039419904e-01 7.855568910256410220e+01
8.700000000000000000e+01 1.025581089412779283e-03 3.600522919866068761e-01 3.596587398877510444e-01 8.746995192307693401e+01 6.300000000000000000e+01 7.782451923076922640e+01 3.595730349039419904e-01 7.855568910256410220e+01
8.800000000000000000e+01 1.006862124931190688e-03 3.600540955521459030e-01 3.600277212949899441e-01 8.502604166666665719e+01 6.300000000000000000e+01 7.782451923076922640e+01 3.595730349039419904e-01 7.855568910256410220e+01
8.900000000000000000e+01 9.884848200559270045e-04 3.600533725682018016e-01 3.595958352088928223e-01 8.874198717948718240e+01 6.300000000000000000e+01 7.782451923076922640e+01 3.595730349039419904e-01 7.855568910256410220e+01
9.000000000000000000e+01 9.704429387963857531e-04 3.600506559297612652e-01 3.591920821330485958e-01 8.766025641025640880e+01 6.300000000000000000e+01 7.782451923076922640e+01 3.595730349039419904e-01 7.855568910256410220e+01
9.100000000000000000e+01 9.527303589816203027e-04 3.600494670437315858e-01 3.594063337032611383e-01 8.680889423076922640e+01 6.300000000000000000e+01 7.782451923076922640e+01 3.595730349039419904e-01 7.855568910256410220e+01
9.200000000000000000e+01 9.353410701828970527e-04 3.600463970947930248e-01 3.599690783482331624e-01 8.934294871794872961e+01 6.300000000000000000e+01 7.782451923076922640e+01 3.595730349039419904e-01 7.855568910256410220e+01
9.300000000000000000e+01 9.182691716741699832e-04 3.600483795347020344e-01 3.597177519248082045e-01 8.968349358974359120e+01 6.300000000000000000e+01 7.782451923076922640e+01 3.595730349039419904e-01 7.855568910256410220e+01
9.400000000000000000e+01 9.015088704297812873e-04 3.600453328006016918e-01 3.599721105434955937e-01 9.150641025641024839e+01 6.300000000000000000e+01 7.782451923076922640e+01 3.595730349039419904e-01 7.855568910256410220e+01
9.500000000000000000e+01 8.850544791587074221e-04 3.600445857179482290e-01 3.595115156509937626e-01 9.082532051282051100e+01 6.300000000000000000e+01 7.782451923076922640e+01 3.595730349039419904e-01 7.855568910256410220e+01
9.600000000000000000e+01 8.689004143746846629e-04 3.600460766537258994e-01 3.599010549294642813e-01 8.989383012820513841e+01 6.300000000000000000e+01 7.782451923076922640e+01 3.595730349039419904e-01 7.855568910256410220e+01
9.700000000000000000e+01 8.530411945015587598e-04 3.600428310750555250e-01 3.596469129507358087e-01 8.436498397435897800e+01 6.300000000000000000e+01 7.782451923076922640e+01 3.595730349039419904e-01 7.855568910256410220e+01
9.800000000000000000e+01 8.374714380132156554e-04 3.600434605801815513e-01 3.602089713781307934e-01 9.427083333333334281e+01 6.300000000000000000e+01 7.782451923076922640e+01 3.595730349039419904e-01 7.855568910256410220e+01
9.900000000000000000e+01 8.221858616074628019e-04 3.600452640928394343e-01 3.599803612018243060e-01 9.446113782051281760e+01 6.300000000000000000e+01 7.782451923076922640e+01 3.595730349039419904e-01 7.855568910256410220e+01
1.000000000000000000e+02 8.071792784132401531e-04 3.600417050118682183e-01 3.598344348944150228e-01 8.994391025641024839e+01 6.300000000000000000e+01 7.782451923076922640e+01 3.595730349039419904e-01 7.855568910256410220e+01
1.010000000000000000e+02 7.924465962305537884e-04 3.600396989227399036e-01 3.595090260108311786e-01 8.249198717948718240e+01 6.300000000000000000e+01 7.782451923076922640e+01 3.595730349039419904e-01 7.855568910256410220e+01
1.020000000000000000e+02 7.779828158025342295e-04 3.600404378654687987e-01 3.597931002195065009e-01 9.260817307692306599e+01 6.300000000000000000e+01 7.782451923076922640e+01 3.595730349039419904e-01 7.855568910256410220e+01
1.030000000000000000e+02 7.637830291190333314e-04 3.600391619143528121e-01 3.599228473045887333e-01 8.465544871794872961e+01 6.300000000000000000e+01 7.782451923076922640e+01 3.595730349039419904e-01 7.855568910256410220e+01
1.040000000000000000e+02 7.498424177511838189e-04 3.600389191406307976e-01 3.597358235946068183e-01 8.144030448717948900e+01 6.300000000000000000e+01 7.782451923076922640e+01 3.595730349039419904e-01 7.855568910256410220e+01
1.050000000000000000e+02 7.361562512163564911e-04 3.600373796674839477e-01 3.592090977308077804e-01 7.441907051282051100e+01 1.050000000000000000e+02 7.441907051282051100e+01 3.591796369888843876e-01 7.350761217948718240e+01
1.060000000000000000e+02 7.227198853729608491e-04 3.600389965926739655e-01 3.597303334719095247e-01 8.596754807692306599e+01 1.050000000000000000e+02 7.441907051282051100e+01 3.591796369888843876e-01 7.350761217948718240e+01
1.070000000000000000e+02 7.095287608445431443e-04 3.600354869329430718e-01 3.602191278567680732e-01 9.819711538461538680e+01 1.050000000000000000e+02 7.441907051282051100e+01 3.591796369888843876e-01 7.350761217948718240e+01
1.080000000000000000e+02 6.965784014726486345e-04 3.600345573913310560e-01 3.596629932140692487e-01 8.701923076923077360e+01 1.050000000000000000e+02 7.441907051282051100e+01 3.591796369888843876e-01 7.350761217948718240e+01
1.090000000000000000e+02 6.838644127979216693e-04 3.600339130908061791e-01 3.598152762040113806e-01 8.381410256410256920e+01 1.050000000000000000e+02 7.441907051282051100e+01 3.591796369888843876e-01 7.350761217948718240e+01
1.100000000000000000e+02 6.713824805689290421e-04 3.600369142526607114e-01 3.597467912313265792e-01 8.786057692307693401e+01 1.050000000000000000e+02 7.441907051282051100e+01 3.591796369888843876e-01 7.350761217948718240e+01
1.110000000000000000e+02 6.591283692782007190e-04 3.600342503707520958e-01 3.590324727388528592e-01 8.006810897435897800e+01 1.050000000000000000e+02 7.441907051282051100e+01 3.591796369888843876e-01 7.350761217948718240e+01
1.120000000000000000e+02 6.470979207249901886e-04 3.600310325849191972e-01 3.596280954587153800e-01 8.654847756410256920e+01 1.050000000000000000e+02 7.441907051282051100e+01 3.591796369888843876e-01 7.350761217948718240e+01
1.130000000000000000e+02 6.352870526042680597e-04 3.600316784076666443e-01 3.599830991946734171e-01 9.627403846153845279e+01 1.050000000000000000e+02 7.441907051282051100e+01 3.591796369888843876e-01 7.350761217948718240e+01
1.140000000000000000e+02 6.236917571214687121e-04 3.600305788152873832e-01 3.594564810777322039e-01 8.399439102564102200e+01 1.050000000000000000e+02 7.441907051282051100e+01 3.591796369888843876e-01 7.350761217948718240e+01
1.150000000000000000e+02 6.123080996325216269e-04 3.600297092182705994e-01 3.599038120263662321e-01 8.972355769230769340e+01 1.050000000000000000e+02 7.441907051282051100e+01 3.591796369888843876e-01 7.350761217948718240e+01
1.160000000000000000e+02 6.011322173087037908e-04 3.600306263403596496e-01 3.602715111695803385e-01 8.747996794871795601e+01 1.050000000000000000e+02 7.441907051282051100e+01 3.591796369888843876e-01 7.350761217948718240e+01
1.170000000000000000e+02 5.901603178258621463e-04 3.600308239271129973e-01 3.594469351646227828e-01 8.769030448717948900e+01 1.050000000000000000e+02 7.441907051282051100e+01 3.591796369888843876e-01 7.350761217948718240e+01
1.180000000000000000e+02 5.793886780775603720e-04 3.600305886398552091e-01 3.602352616114494199e-01 8.902243589743589780e+01 1.050000000000000000e+02 7.441907051282051100e+01 3.591796369888843876e-01 7.350761217948718240e+01
1.190000000000000000e+02 5.688136429117128436e-04 3.600275368933744113e-01 3.601151074354465020e-01 8.643830128205127039e+01 1.050000000000000000e+02 7.441907051282051100e+01 3.591796369888843876e-01 7.350761217948718240e+01
1.200000000000000000e+02 5.584316238902779480e-04 3.600276468900068805e-01 3.596342114301828152e-01 8.866185897435897800e+01 1.050000000000000000e+02 7.441907051282051100e+01 3.591796369888843876e-01 7.350761217948718240e+01
1.210000000000000000e+02 5.482390980715899729e-04 3.600272843932924016e-01 3.595846226582160576e-01 8.457532051282051100e+01 1.050000000000000000e+02 7.441907051282051100e+01 3.591796369888843876e-01 7.350761217948718240e+01
1.220000000000000000e+02 5.382326068149149729e-04 3.600257622651727440e-01 3.598816746320480098e-01 9.479166666666665719e+01 1.050000000000000000e+02 7.441907051282051100e+01 3.591796369888843876e-01 7.350761217948718240e+01
1.230000000000000000e+02 5.284087546068267456e-04 3.600253884745490129e-01 3.597851265699435475e-01 8.712940705128204399e+01 1.050000000000000000e+02 7.441907051282051100e+01 3.591796369888843876e-01 7.350761217948718240e+01
1.240000000000000000e+02 5.187642079090038242e-04 3.600240089556412393e-01 3.596451962605500818e-01 8.420472756410256920e+01 1.050000000000000000e+02 7.441907051282051100e+01 3.591796369888843876e-01 7.350761217948718240e+01
1.250000000000000000e+02 5.092956940270559809e-04 3.600260170240365820e-01 3.596942673126856671e-01 8.234174679487179560e+01 1.050000000000000000e+02 7.441907051282051100e+01 3.591796369888843876e-01 7.350761217948718240e+01
1.260000000000000000e+02 4.999999999999975167e-04 3.600235491084508577e-01 3.597093178675724867e-01 8.175080128205127039e+01 1.050000000000000000e+02 7.441907051282051100e+01 3.591796369888843876e-01 7.350761217948718240e+01
1.270000000000000000e+02 4.908739715099897120e-04 3.600236940784297124e-01 3.600480159123738422e-01 8.449519230769230660e+01 1.050000000000000000e+02 7.441907051282051100e+01 3.591796369888843876e-01 7.350761217948718240e+01
1.280000000000000000e+02 4.819145118119828311e-04 3.600248673720655712e-01 3.600734743552330142e-01 9.005408653846154721e+01 1.050000000000000000e+02 7.441907051282051100e+01 3.591796369888843876e-01 7.350761217948718240e+01
1.290000000000000000e+02 4.731185806828940954e-04 3.600222916166441189e-01 3.593751088931010362e-01 8.650841346153845279e+01 1.050000000000000000e+02 7.441907051282051100e+01 3.591796369888843876e-01 7.350761217948718240e+01
1.300000000000000000e+02 4.644831933899657892e-04 3.600234216308110247e-01 3.595784226289162056e-01 8.017828525641024839e+01 1.050000000000000000e+02 7.441907051282051100e+01 3.591796369888843876e-01 7.350761217948718240e+01
1.310000000000000000e+02 4.560054196779524875e-04 3.600226452066568883e-01 3.594137082497279034e-01 8.086939102564102200e+01 1.050000000000000000e+02 7.441907051282051100e+01 3.591796369888843876e-01 7.350761217948718240e+01
1.320000000000000000e+02 4.476823827747945274e-04 3.600200843032926312e-01 3.601378424045367233e-01 8.756009615384616041e+01 1.050000000000000000e+02 7.441907051282051100e+01 3.591796369888843876e-01 7.350761217948718240e+01
1.330000000000000000e+02 4.395112584154398311e-04 3.600207440073499021e-01 3.599095780115861287e-01 9.465144230769230660e+01 1.050000000000000000e+02 7.441907051282051100e+01 3.591796369888843876e-01 7.350761217948718240e+01
1.340000000000000000e+02 4.314892738834828572e-04 3.600206419580034289e-01 3.593602937001448283e-01 8.192107371794872961e+01 1.050000000000000000e+02 7.441907051282051100e+01 3.591796369888843876e-01 7.350761217948718240e+01
1.350000000000000000e+02 4.236137070702959608e-04 3.600200143943721454e-01 3.598303214097634539e-01 9.100560897435897800e+01 1.050000000000000000e+02 7.441907051282051100e+01 3.591796369888843876e-01 7.350761217948718240e+01
1.360000000000000000e+02 4.158818855513332700e-04 3.600211643371896142e-01 3.588295548390119660e-01 7.450921474358975161e+01 1.050000000000000000e+02 7.441907051282051100e+01 3.591796369888843876e-01 7.350761217948718240e+01
1.370000000000000000e+02 4.082911856792940139e-04 3.600196886991819945e-01 3.598311092609014494e-01 7.652243589743589780e+01 1.050000000000000000e+02 7.441907051282051100e+01 3.591796369888843876e-01 7.350761217948718240e+01
1.380000000000000000e+02 4.008390316938373896e-04 3.600198958121023085e-01 3.595078874092835775e-01 8.574719551282051100e+01 1.050000000000000000e+02 7.441907051282051100e+01 3.591796369888843876e-01 7.350761217948718240e+01
1.390000000000000000e+02 3.935228948475471807e-04 3.600174775103954783e-01 3.590883574424645897e-01 8.237179487179486159e+01 1.050000000000000000e+02 7.441907051282051100e+01 3.591796369888843876e-01 7.350761217948718240e+01
1.400000000000000000e+02 3.863402925478490548e-04 3.600150822913238957e-01 3.588569775605813250e-01 7.477964743589743080e+01 1.050000000000000000e+02 7.441907051282051100e+01 3.591796369888843876e-01 7.350761217948718240e+01
1.410000000000000000e+02 3.792887875145898127e-04 3.600140646458880878e-01 3.592551931356772199e-01 8.781049679487179560e+01 1.050000000000000000e+02 7.441907051282051100e+01 3.591796369888843876e-01 7.350761217948718240e+01
1.420000000000000000e+02 3.723659869529924666e-04 3.600165004588201101e-01 3.595579801461635250e-01 8.051883012820513841e+01 1.050000000000000000e+02 7.441907051282051100e+01 3.591796369888843876e-01 7.350761217948718240e+01
1.430000000000000000e+02 3.655695417417066662e-04 3.600153999636834801e-01 3.589911884986437540e-01 8.391426282051281760e+01 1.050000000000000000e+02 7.441907051282051100e+01 3.591796369888843876e-01 7.350761217948718240e+01
1.440000000000000000e+02 3.588971456356788124e-04 3.600141997308634600e-01 3.594080801957693083e-01 7.257612179487179560e+01 1.440000000000000000e+02 7.257612179487179560e+01 3.593934010236691234e-01 7.209535256410256920e+01
1.450000000000000000e+02 3.523465344835714059e-04 3.600140883555430493e-01 3.587488799523084748e-01 7.761418269230769340e+01 1.440000000000000000e+02 7.257612179487179560e+01 3.593934010236691234e-01 7.209535256410256920e+01
1.460000000000000000e+02 3.459154854594662164e-04 3.600132541058181368e-01 3.592802572708863607e-01 7.478966346153845279e+01 1.440000000000000000e+02 7.257612179487179560e+01 3.593934010236691234e-01 7.209535256410256920e+01
1.470000000000000000e+02 3.396018163085902527e-04 3.600119192563988602e-01 3.590244364279966960e-01 7.051282051282051100e+01 1.470000000000000000e+02 7.051282051282051100e+01 3.590387339011216761e-01 7.163461538461538680e+01
1.480000000000000000e+02 3.334033846068090398e-04 3.600127915919053567e-01 3.590419280987519612e-01 7.737379807692306599e+01 1.470000000000000000e+02 7.051282051282051100e+01 3.590387339011216761e-01 7.163461538461538680e+01
1.490000000000000000e+02 3.273180870336355060e-04 3.600103553785872768e-01 3.587711671224007026e-01 7.456931089743589780e+01 1.470000000000000000e+02 7.051282051282051100e+01 3.590387339011216761e-01 7.163461538461538680e+01
1.500000000000000000e+02 3.213438586585078789e-04 3.600108720881555202e-01 3.582537842866702071e-01 6.752804487179486159e+01 1.500000000000000000e+02 6.752804487179486159e+01 3.582430818142035012e-01 6.625600961538461320e+01
1.510000000000000000e+02 3.154786722400947032e-04 3.600065650179963272e-01 3.585131619221124666e-01 7.290665064102563520e+01 1.500000000000000000e+02 6.752804487179486159e+01 3.582430818142035012e-01 6.625600961538461320e+01
1.520000000000000000e+02 3.097205375383888372e-04 3.600100412530439775e-01 3.592788936235966069e-01 5.972556089743589069e+01 1.520000000000000000e+02 5.972556089743589069e+01 3.592805384825437653e-01 6.050681089743589069e+01
1.530000000000000000e+02 3.040675006393571064e-04 3.600114677077765890e-01 3.585304044760190267e-01 5.824318910256410931e+01 1.530000000000000000e+02 5.824318910256410931e+01 3.585278204618356224e-01 5.824318910256410931e+01
1.540000000000000000e+02 2.985176432919166311e-04 3.600077865279370792e-01 3.589869665029721268e-01 7.073317307692306599e+01 1.530000000000000000e+02 5.824318910256410931e+01 3.585278204618356224e-01 5.824318910256410931e+01
1.550000000000000000e+02 2.930690822570125847e-04 3.600095753736217707e-01 3.587459761362809529e-01 6.290064102564102200e+01 1.530000000000000000e+02 5.824318910256410931e+01 3.585278204618356224e-01 5.824318910256410931e+01
1.560000000000000000e+02 2.877199686685766940e-04 3.600068986642496749e-01 3.585165979770513767e-01 5.775240384615384670e+01 1.560000000000000000e+02 5.775240384615384670e+01 3.584980903527675289e-01 5.710136217948718240e+01
1.570000000000000000e+02 2.824684874061495323e-04 3.600059779160225126e-01 3.584939634952789556e-01 7.490985576923077360e+01 1.560000000000000000e+02 5.775240384615384670e+01 3.584980903527675289e-01 5.710136217948718240e+01
1.580000000000000000e+02 2.773128564789536675e-04 3.600074650368007556e-01 3.587581767485691908e-01 5.427684294871794890e+01 1.580000000000000000e+02 5.427684294871794890e+01 3.587627112865447998e-01 5.402644230769231370e+01
1.590000000000000000e+02 2.722513264212089029e-04 3.600063939738182839e-01 3.594230272066898935e-01 7.843549679487179560e+01 1.580000000000000000e+02 5.427684294871794890e+01 3.587627112865447998e-01 5.402644230769231370e+01
1.600000000000000000e+02 2.672821796984841541e-04 3.600058800631754097e-01 3.587998797496159686e-01 7.903645833333334281e+01 1.580000000000000000e+02 5.427684294871794890e+01 3.587627112865447998e-01 5.402644230769231370e+01
1.610000000000000000e+02 2.624037301248846252e-04 3.600037735035815367e-01 3.591637894129141584e-01 7.565104166666665719e+01 1.580000000000000000e+02 5.427684294871794890e+01 3.587627112865447998e-01 5.402644230769231370e+01
1.620000000000000000e+02 2.576143222908765804e-04 3.600060433942555704e-01 3.591215954377101061e-01 7.331730769230769340e+01 1.580000000000000000e+02 5.427684294871794890e+01 3.587627112865447998e-01 5.402644230769231370e+01
1.630000000000000000e+02 2.529123310015553685e-04 3.600037710823789094e-01 3.579662900704603801e-01 6.430288461538461320e+01 1.580000000000000000e+02 5.427684294871794890e+01 3.587627112865447998e-01 5.402644230769231370e+01
1.640000000000000000e+02 2.482961607251664210e-04 3.600034401406202456e-01 3.584897766510645734e-01 5.081129807692307310e+01 1.640000000000000000e+02 5.081129807692307310e+01 3.584849479106756442e-01 5.209334935897436480e+01
1.650000000000000000e+02 2.437642450516915504e-04 3.600009576902643560e-01 3.585274414374278185e-01 5.443709935897436480e+01 1.640000000000000000e+02 5.081129807692307310e+01 3.584849479106756442e-01 5.209334935897436480e+01
1.660000000000000000e+02 2.393150461613175882e-04 3.600028696471143097e-01 3.584034698895918747e-01 6.550480769230769340e+01 1.640000000000000000e+02 5.081129807692307310e+01 3.584849479106756442e-01 5.209334935897436480e+01
1.670000000000000000e+02 2.349470543026061387e-04 3.600005221910803077e-01 3.585340082645416260e-01 5.287459935897436480e+01 1.640000000000000000e+02 5.081129807692307310e+01 3.584849479106756442e-01 5.209334935897436480e+01
1.680000000000000000e+02 2.306587872801881304e-04 3.600030564952108048e-01 3.587707155025922079e-01 7.164463141025640880e+01 1.640000000000000000e+02 5.081129807692307310e+01 3.584849479106756442e-01 5.209334935897436480e+01
1.690000000000000000e+02 2.264487899518088248e-04 3.600019728729479951e-01 3.592510276880019893e-01 7.941706730769230660e+01 1.640000000000000000e+02 5.081129807692307310e+01 3.584849479106756442e-01 5.209334935897436480e+01
1.700000000000000000e+02 2.223156337345528197e-04 3.599971122954734870e-01 3.582468804640647764e-01 4.812700320512820440e+01 1.700000000000000000e+02 4.812700320512820440e+01 3.583040569837276923e-01 4.910857371794871540e+01
1.710000000000000000e+02 2.182579161200814825e-04 3.599993762747869530e-01 3.582172852296095500e-01 5.003004807692307310e+01 1.700000000000000000e+02 4.812700320512820440e+01 3.583040569837276923e-01 4.910857371794871540e+01
1.720000000000000000e+02 2.142742601987182864e-04 3.600001789468927349e-01 3.583412926930647502e-01 5.660056089743589069e+01 1.700000000000000000e+02 4.812700320512820440e+01 3.583040569837276923e-01 4.910857371794871540e+01
1.730000000000000000e+02 2.103633141922205856e-04 3.599988060759047315e-01 3.578403167999707479e-01 4.714543269230769340e+01 1.730000000000000000e+02 4.714543269230769340e+01 3.579037972749807839e-01 4.916866987179487580e+01
1.740000000000000000e+02 2.065237509950792355e-04 3.599989717110934628e-01 3.583017885684967041e-01 4.445112179487179560e+01 1.740000000000000000e+02 4.445112179487179560e+01 3.583218971124061958e-01 4.637419871794871540e+01
1.750000000000000000e+02 2.027542677241904771e-04 3.599975085039404665e-01 3.583449988793104279e-01 4.928886217948718240e+01 1.740000000000000000e+02 4.445112179487179560e+01 3.583218971124061958e-01 4.637419871794871540e+01
1.760000000000000000e+02 1.990535852767472125e-04 3.599963001916314798e-01 3.582850748147720088e-01 5.655048076923077360e+01 1.740000000000000000e+02 4.445112179487179560e+01 3.583218971124061958e-01 4.637419871794871540e+01
1.770000000000000000e+02 1.954204478961996171e-04 3.599972820365081594e-01 3.575325933022376890e-01 5.266426282051281760e+01 1.740000000000000000e+02 4.445112179487179560e+01 3.583218971124061958e-01 4.637419871794871540e+01
1.780000000000000000e+02 1.918536227461380172e-04 3.599953529272695851e-01 3.577302977060660139e-01 4.415064102564102200e+01 1.780000000000000000e+02 4.415064102564102200e+01 3.577388547934018392e-01 4.534254807692308020e+01
1.790000000000000000e+02 1.883518994919530754e-04 3.599946932345439721e-01 3.583692136483314639e-01 5.859375000000000000e+01 1.780000000000000000e+02 4.415064102564102200e+01 3.577388547934018392e-01 4.534254807692308020e+01
1.800000000000000000e+02 1.849140898901317678e-04 3.599956357395996398e-01 3.581022406235719324e-01 6.033653846153845990e+01 1.780000000000000000e+02 4.415064102564102200e+01 3.577388547934018392e-01 4.534254807692308020e+01
1.810000000000000000e+02 1.815390273850493448e-04 3.599979879020586693e-01 3.581207283796408181e-01 5.343549679487179560e+01 1.780000000000000000e+02 4.415064102564102200e+01 3.577388547934018392e-01 4.534254807692308020e+01
1.820000000000000000e+02 1.782255667131208028e-04 3.599961777641443872e-01 3.576503254664250009e-01 4.389022435897436480e+01 1.820000000000000000e+02 4.389022435897436480e+01 3.577187867500843388e-01 4.569310897435897800e+01
1.830000000000000000e+02 1.749725835141773434e-04 3.599944410819668761e-01 3.579169828922320606e-01 4.875801282051281760e+01 1.820000000000000000e+02 4.389022435897436480e+01 3.577187867500843388e-01 4.569310897435897800e+01
1.840000000000000000e+02 1.717789739499360349e-04 3.599943619868298805e-01 3.586330123436756723e-01 6.025641025641025550e+01 1.820000000000000000e+02 4.389022435897436480e+01 3.577187867500843388e-01 4.569310897435897800e+01
1.850000000000000000e+02 1.686436543294331702e-04 3.599945592223011692e-01 3.579502931007972344e-01 4.873798076923077360e+01 1.820000000000000000e+02 4.389022435897436480e+01 3.577187867500843388e-01 4.569310897435897800e+01
1.860000000000000000e+02 1.655655607412943040e-04 3.599911174808920200e-01 3.581021932455209500e-01 5.870392628205127750e+01 1.820000000000000000e+02 4.389022435897436480e+01 3.577187867500843388e-01 4.569310897435897800e+01
1.870000000000000000e+02 1.625436486927159631e-04 3.599929071953390514e-01 3.584553137039526716e-01 6.188902243589743080e+01 1.820000000000000000e+02 4.389022435897436480e+01 3.577187867500843388e-01 4.569310897435897800e+01
1.880000000000000000e+02 1.595768927550368665e-04 3.599923667421208173e-01 3.580113240541555886e-01 6.061698717948718240e+01 1.820000000000000000e+02 4.389022435897436480e+01 3.577187867500843388e-01 4.569310897435897800e+01
1.890000000000000000e+02 1.566642862157780912e-04 3.599903962042546035e-01 3.582689597820624128e-01 4.268830128205128460e+01 1.890000000000000000e+02 4.268830128205128460e+01 3.583065332510532719e-01 4.426081730769230660e+01
1.900000000000000000e+02 1.538048407370342242e-04 3.599896797398046133e-01 3.582298362102264155e-01 4.287860576923077360e+01 1.890000000000000000e+02 4.268830128205128460e+01 3.583065332510532719e-01 4.426081730769230660e+01
1.910000000000000000e+02 1.509975860200996522e-04 3.599906604779536945e-01 3.574813569967563165e-01 5.088141025641025550e+01 1.890000000000000000e+02 4.268830128205128460e+01 3.583065332510532719e-01 4.426081730769230660e+01
1.920000000000000000e+02 1.482415694762159860e-04 3.599913357404097014e-01 3.579477717479069843e-01 5.252403846153845990e+01 1.890000000000000000e+02 4.268830128205128460e+01 3.583065332510532719e-01 4.426081730769230660e+01
1.930000000000000000e+02 1.455358559033291359e-04 3.599903734200203265e-01 3.576066035490769734e-01 3.777043269230769340e+01 1.930000000000000000e+02 3.777043269230769340e+01 3.576484635854378924e-01 3.923277243589743080e+01
1.940000000000000000e+02 1.428795271687462360e-04 3.599891857502578452e-01 3.582901278367409126e-01 4.380008012820512420e+01 1.930000000000000000e+02 3.777043269230769340e+01 3.576484635854378924e-01 3.923277243589743080e+01
1.950000000000000000e+02 1.402716818975845939e-04 3.599880675248168793e-01 3.581653802822797883e-01 4.539262820512820440e+01 1.930000000000000000e+02 3.777043269230769340e+01 3.576484635854378924e-01 3.923277243589743080e+01
1.960000000000000000e+02 1.377114351669072527e-04 3.599869080029513002e-01 3.573013819181002360e-01 3.794070512820512420e+01 1.930000000000000000e+02 3.777043269230769340e+01 3.576484635854378924e-01 3.923277243589743080e+01
1.970000000000000000e+02 1.351979182054411375e-04 3.599856209316785738e-01 3.572913228701322663e-01 4.295873397435897800e+01 1.930000000000000000e+02 3.777043269230769340e+01 3.576484635854378924e-01 3.923277243589743080e+01
1.980000000000000000e+02 1.327302780987759257e-04 3.599890574000785270e-01 3.571676864073826674e-01 4.077524038461538680e+01 1.930000000000000000e+02 3.777043269230769340e+01 3.576484635854378924e-01 3.923277243589743080e+01
1.990000000000000000e+02 1.303076774999437581e-04 3.599865810650534348e-01 3.574826686810224641e-01 4.084535256410256920e+01 1.930000000000000000e+02 3.777043269230769340e+01 3.576484635854378924e-01 3.923277243589743080e+01
2.000000000000000000e+02 1.279292943452812906e-04 3.599858203012831215e-01 3.579151397332167028e-01 4.192708333333332860e+01 1.930000000000000000e+02 3.777043269230769340e+01 3.576484635854378924e-01 3.923277243589743080e+01
2.010000000000000000e+02 1.255943215754780286e-04 3.599843259773327087e-01 3.580673443965422531e-01 5.414663461538461320e+01 1.930000000000000000e+02 3.777043269230769340e+01 3.576484635854378924e-01 3.923277243589743080e+01
2.020000000000000000e+02 1.233019668617159922e-04 3.599833689412840765e-01 3.569952364151294244e-01 2.972756410256410220e+01 2.020000000000000000e+02 2.972756410256410220e+01 3.570718058408834938e-01 3.165064102564102555e+01
2.030000000000000000e+02 1.210514523368079470e-04 3.599844195354724996e-01 3.568405126913999914e-01 3.353365384615384670e+01 2.020000000000000000e+02 2.972756410256410220e+01 3.570718058408834938e-01 3.165064102564102555e+01
2.040000000000000000e+02 1.188420143312428828e-04 3.599817854861040445e-01 3.573293831103887541e-01 4.392027243589743080e+01 2.020000000000000000e+02 2.972756410256410220e+01 3.570718058408834938e-01 3.165064102564102555e+01
2.050000000000000000e+02 1.166729031140491989e-04 3.599851994044578340e-01 3.575341827594317179e-01 4.644431089743589780e+01 2.020000000000000000e+02 2.972756410256410220e+01 3.570718058408834938e-01 3.165064102564102555e+01
2.060000000000000000e+02 1.145433826383877353e-04 3.599848013753673692e-01 3.576257205926455240e-01 3.407451923076922640e+01 2.020000000000000000e+02 2.972756410256410220e+01 3.570718058408834938e-01 3.165064102564102555e+01
2.070000000000000000e+02 1.124527302917881428e-04 3.599841764897901419e-01 3.573688887632809896e-01 3.767027243589743080e+01 2.020000000000000000e+02 2.972756410256410220e+01 3.570718058408834938e-01 3.165064102564102555e+01
2.080000000000000000e+02 1.104002366509440939e-04 3.599846842662161039e-01 3.577080472157551649e-01 3.305288461538461320e+01 2.020000000000000000e+02 2.972756410256410220e+01 3.570718058408834938e-01 3.165064102564102555e+01
2.090000000000000000e+02 1.083852052409838490e-04 3.599867754789359831e-01 3.573975517199589613e-01 3.469551282051281760e+01 2.020000000000000000e+02 2.972756410256410220e+01 3.570718058408834938e-01 3.165064102564102555e+01
2.100000000000000000e+02 1.064069522991347284e-04 3.599823731848797448e-01 3.571611742178599225e-01 4.031450320512820440e+01 2.020000000000000000e+02 2.972756410256410220e+01 3.570718058408834938e-01 3.165064102564102555e+01
2.110000000000000000e+02 1.044648065427011103e-04 3.599833682916010469e-01 3.576296086494739068e-01 4.570312500000000000e+01 2.020000000000000000e+02 2.972756410256410220e+01 3.570718058408834938e-01 3.165064102564102555e+01
2.120000000000000000e+02 1.025581089412774160e-04 3.599813330120611443e-01 3.575450067336742865e-01 3.520633012820512420e+01 2.020000000000000000e+02 2.972756410256410220e+01 3.570718058408834938e-01 3.165064102564102555e+01
2.130000000000000000e+02 1.006862124931185646e-04 3.599808916279571558e-01 3.571556244905178534e-01 3.792067307692308020e+01 2.020000000000000000e+02 2.972756410256410220e+01 3.570718058408834938e-01 3.165064102564102555e+01
2.140000000000000000e+02 9.884848200559220443e-05 3.599819429775910073e-01 3.575645769253755213e-01 4.353966346153846700e+01 2.020000000000000000e+02 2.972756410256410220e+01 3.570718058408834938e-01 3.165064102564102555e+01
2.150000000000000000e+02 9.704429387963808742e-05 3.599795457225939965e-01 3.576790228103979841e-01 3.365384615384615330e+01 2.020000000000000000e+02 2.972756410256410220e+01 3.570718058408834938e-01 3.165064102564102555e+01
2.160000000000000000e+02 9.527303589816155322e-05 3.599834007530913205e-01 3.568942069243162263e-01 3.605769230769230660e+01 2.020000000000000000e+02 2.972756410256410220e+01 3.570718058408834938e-01 3.165064102564102555e+01
2.170000000000000000e+02 9.353410701828923906e-05 3.599787888606993946e-01 3.568065204681494240e-01 3.719951923076922640e+01 2.020000000000000000e+02 2.972756410256410220e+01 3.570718058408834938e-01 3.165064102564102555e+01
2.180000000000000000e+02 9.182691716741654296e-05 3.599795261036760619e-01 3.570600560842416282e-01 3.580729166666667140e+01 2.020000000000000000e+02 2.972756410256410220e+01 3.570718058408834938e-01 3.165064102564102555e+01
2.190000000000000000e+02 9.015088704297768150e-05 3.599796851929300545e-01 3.566991224502905622e-01 3.145032051282051100e+01 2.020000000000000000e+02 2.972756410256410220e+01 3.570718058408834938e-01 3.165064102564102555e+01
2.200000000000000000e+02 8.850544791587029497e-05 3.599785397072406412e-01 3.569873617245600816e-01 3.414463141025640880e+01 2.020000000000000000e+02 2.972756410256410220e+01 3.570718058408834938e-01 3.165064102564102555e+01
2.210000000000000000e+02 8.689004143746802990e-05 3.599792120650089355e-01 3.566598319090329428e-01 3.236177884615384670e+01 2.020000000000000000e+02 2.972756410256410220e+01 3.570718058408834938e-01 3.165064102564102555e+01
2.220000000000000000e+02 8.530411945015543688e-05 3.599784072965421244e-01 3.568410911621191506e-01 3.234174679487179560e+01 2.020000000000000000e+02 2.972756410256410220e+01 3.570718058408834938e-01 3.165064102564102555e+01
2.230000000000000000e+02 8.374714380132113457e-05 3.599770979849558072e-01 3.571283591863436691e-01 3.251201923076922640e+01 2.020000000000000000e+02 2.972756410256410220e+01 3.570718058408834938e-01 3.165064102564102555e+01
2.240000000000000000e+02 8.221858616074585464e-05 3.599756258786555585e-01 3.569414317607879639e-01 4.240785256410256920e+01 2.020000000000000000e+02 2.972756410256410220e+01 3.570718058408834938e-01 3.165064102564102555e+01
2.250000000000000000e+02 8.071792784132359518e-05 3.599775400640695677e-01 3.566375061487540021e-01 3.135016025641025905e+01 2.020000000000000000e+02 2.972756410256410220e+01 3.570718058408834938e-01 3.165064102564102555e+01
2.260000000000000000e+02 7.924465962305496413e-05 3.599785513977587503e-01 3.568251824531799565e-01 3.413461538461538680e+01 2.020000000000000000e+02 2.972756410256410220e+01 3.570718058408834938e-01 3.165064102564102555e+01
2.270000000000000000e+02 7.779828158025301366e-05 3.599770298135597790e-01 3.569331558851095432e-01 3.447516025641025550e+01 2.020000000000000000e+02 2.972756410256410220e+01 3.570718058408834938e-01 3.165064102564102555e+01
2.280000000000000000e+02 7.637830291190293741e-05 3.599785156500807659e-01 3.573630658479837185e-01 3.771033653846153300e+01 2.020000000000000000e+02 2.972756410256410220e+01 3.570718058408834938e-01 3.165064102564102555e+01
2.290000000000000000e+02 7.498424177511799158e-05 3.599785226455055054e-01 3.570979134394572374e-01 3.627804487179487580e+01 2.020000000000000000e+02 2.972756410256410220e+01 3.570718058408834938e-01 3.165064102564102555e+01
2.300000000000000000e+02 7.361562512163527506e-05 3.599735682605941789e-01 3.568537582953770770e-01 3.267227564102563520e+01 2.020000000000000000e+02 2.972756410256410220e+01 3.570718058408834938e-01 3.165064102564102555e+01
2.310000000000000000e+02 7.227198853729572170e-05 3.599747331838946129e-01 3.572280173882459997e-01 2.903645833333333215e+01 2.310000000000000000e+02 2.903645833333333215e+01 3.572922012744805809e-01 3.154046474358974095e+01
2.320000000000000000e+02 7.095287608445395935e-05 3.599771977755204522e-01 3.570417941380769622e-01 3.093950320512820440e+01 2.310000000000000000e+02 2.903645833333333215e+01 3.572922012744805809e-01 3.154046474358974095e+01
2.330000000000000000e+02 6.965784014726451650e-05 3.599747048131413107e-01 3.565017817876277584e-01 3.409455128205128460e+01 2.310000000000000000e+02 2.903645833333333215e+01 3.572922012744805809e-01 3.154046474358974095e+01
2.340000000000000000e+02 6.838644127979181999e-05 3.599763059079722494e-01 3.563320159147947419e-01 3.175080128205128460e+01 2.310000000000000000e+02 2.903645833333333215e+01 3.572922012744805809e-01 3.154046474358974095e+01
2.350000000000000000e+02 6.713824805689256540e-05 3.599776844976821377e-01 3.573485567019535902e-01 3.399439102564102200e+01 2.310000000000000000e+02 2.903645833333333215e+01 3.572922012744805809e-01 3.154046474358974095e+01
2.360000000000000000e+02 6.591283692781973308e-05 3.599750332808162034e-01 3.567431691365364199e-01 3.154046474358974095e+01 2.310000000000000000e+02 2.903645833333333215e+01 3.572922012744805809e-01 3.154046474358974095e+01
2.370000000000000000e+02 6.470979207249868818e-05 3.599741818900343837e-01 3.569590846697489606e-01 3.051883012820512775e+01 2.310000000000000000e+02 2.903645833333333215e+01 3.572922012744805809e-01 3.154046474358974095e+01
2.380000000000000000e+02 6.352870526042648071e-05 3.599754517144878596e-01 3.565913511392397872e-01 3.705929487179487580e+01 2.310000000000000000e+02 2.903645833333333215e+01 3.572922012744805809e-01 3.154046474358974095e+01
2.390000000000000000e+02 6.236917571214655950e-05 3.599733949576343073e-01 3.565888798389679204e-01 3.375400641025640880e+01 2.310000000000000000e+02 2.903645833333333215e+01 3.572922012744805809e-01 3.154046474358974095e+01
2.400000000000000000e+02 6.123080996325185911e-05 3.599722265668393040e-01 3.563689425205572858e-01 2.758413461538461320e+01 2.400000000000000000e+02 2.758413461538461320e+01 3.564724624156951904e-01 3.006810897435897445e+01
2.410000000000000000e+02 6.011322173087007957e-05 3.599743764814466451e-01 3.569410768074867124e-01 3.649839743589743080e+01 2.400000000000000000e+02 2.758413461538461320e+01 3.564724624156951904e-01 3.006810897435897445e+01
2.420000000000000000e+02 5.901603178258592731e-05 3.599731010931375152e-01 3.567536626106653230e-01 3.010817307692307665e+01 2.400000000000000000e+02 2.758413461538461320e+01 3.564724624156951904e-01 3.006810897435897445e+01
2.430000000000000000e+02 5.793886780775575667e-05 3.599723702601153597e-01 3.566688226583676347e-01 2.772435897435897445e+01 2.400000000000000000e+02 2.758413461538461320e+01 3.564724624156951904e-01 3.006810897435897445e+01
2.440000000000000000e+02 5.688136429117100654e-05 3.599720807243209642e-01 3.568202979289568644e-01 3.092948717948718240e+01 2.400000000000000000e+02 2.758413461538461320e+01 3.564724624156951904e-01 3.006810897435897445e+01
2.450000000000000000e+02 5.584316238902752510e-05 3.599718170172059306e-01 3.566989742028407462e-01 3.210136217948718240e+01 2.400000000000000000e+02 2.758413461538461320e+01 3.564724624156951904e-01 3.006810897435897445e+01
2.460000000000000000e+02 5.482390980715872895e-05 3.599729824806498502e-01 3.565741280714671002e-01 3.023838141025640880e+01 2.400000000000000000e+02 2.758413461538461320e+01 3.564724624156951904e-01 3.006810897435897445e+01
2.470000000000000000e+02 5.382326068149122759e-05 3.599721385838867693e-01 3.567511710600975161e-01 3.077924679487179560e+01 2.400000000000000000e+02 2.758413461538461320e+01 3.564724624156951904e-01 3.006810897435897445e+01
2.480000000000000000e+02 5.284087546068241164e-05 3.599709023389828233e-01 3.565823802581200019e-01 3.494591346153846700e+01 2.400000000000000000e+02 2.758413461538461320e+01 3.564724624156951904e-01 3.006810897435897445e+01
2.490000000000000000e+02 5.187642079090012628e-05 3.599739391276440270e-01 3.569350639979044781e-01 3.378405448717948900e+01 2.400000000000000000e+02 2.758413461538461320e+01 3.564724624156951904e-01 3.006810897435897445e+01
2.500000000000000000e+02 5.092956940270535143e-05 3.599712509846052511e-01 3.563572462552633269e-01 2.943709935897436125e+01 2.400000000000000000e+02 2.758413461538461320e+01 3.564724624156951904e-01 3.006810897435897445e+01
2.510000000000000000e+02 4.999999999999951451e-05 3.599736716621880217e-01 3.566640359468949417e-01 3.231169871794871540e+01 2.400000000000000000e+02 2.758413461538461320e+01 3.564724624156951904e-01 3.006810897435897445e+01
2.520000000000000000e+02 4.908739715099873945e-05 3.599727183013814447e-01 3.569461745329392532e-01 3.187099358974359120e+01 2.400000000000000000e+02 2.758413461538461320e+01 3.564724624156951904e-01 3.006810897435897445e+01
2.530000000000000000e+02 4.819145118119805407e-05 3.599731395490873842e-01 3.568159662760220785e-01 3.221153846153846700e+01 2.400000000000000000e+02 2.758413461538461320e+01 3.564724624156951904e-01 3.006810897435897445e+01
2.540000000000000000e+02 4.731185806828918728e-05 3.599694349995433140e-01 3.565433885042483819e-01 2.933693910256410220e+01 2.400000000000000000e+02 2.758413461538461320e+01 3.564724624156951904e-01 3.006810897435897445e+01
2.550000000000000000e+02 4.644831933899636072e-05 3.599704674517096303e-01 3.566484604126367586e-01 2.882612179487179560e+01 2.400000000000000000e+02 2.758413461538461320e+01 3.564724624156951904e-01 3.006810897435897445e+01
2.560000000000000000e+02 4.560054196779503462e-05 3.599721180131075782e-01 3.567441300703929064e-01 3.220152243589743080e+01 2.400000000000000000e+02 2.758413461538461320e+01 3.564724624156951904e-01 3.006810897435897445e+01
2.570000000000000000e+02 4.476823827747924538e-05 3.599693759992548814e-01 3.566931925522975333e-01 2.763421474358974095e+01 2.400000000000000000e+02 2.758413461538461320e+01 3.564724624156951904e-01 3.006810897435897445e+01
2.580000000000000000e+02 4.395112584154377576e-05 3.599730830342144361e-01 3.567623018454282868e-01 3.089943910256410220e+01 2.400000000000000000e+02 2.758413461538461320e+01 3.564724624156951904e-01 3.006810897435897445e+01
2.590000000000000000e+02 4.314892738834808243e-05 3.599691781480955921e-01 3.564692365053372392e-01 2.686298076923077005e+01 2.590000000000000000e+02 2.686298076923077005e+01 3.565636147291232350e-01 2.891626602564102555e+01
2.600000000000000000e+02 4.236137070702939415e-05 3.599721719972382994e-01 3.568518845698772091e-01 3.084935897435897445e+01 2.590000000000000000e+02 2.686298076923077005e+01 3.565636147291232350e-01 2.891626602564102555e+01
2.610000000000000000e+02 4.158818855513312507e-05 3.599698773770579896e-01 3.566284932387180917e-01 2.763421474358974095e+01 2.590000000000000000e+02 2.686298076923077005e+01 3.565636147291232350e-01 2.891626602564102555e+01
2.620000000000000000e+02 4.082911856792920217e-05 3.599689631974289372e-01 3.565458796727351554e-01 3.027844551282051100e+01 2.590000000000000000e+02 2.686298076923077005e+01 3.565636147291232350e-01 2.891626602564102555e+01
2.630000000000000000e+02 4.008390316938354245e-05 3.599668722793327724e-01 3.562522171399531978e-01 3.045873397435897445e+01 2.590000000000000000e+02 2.686298076923077005e+01 3.565636147291232350e-01 2.891626602564102555e+01
2.640000000000000000e+02 3.935228948475452562e-05 3.599667252960918051e-01 3.562298302467052924e-01 3.074919871794871540e+01 2.590000000000000000e+02 2.686298076923077005e+01 3.565636147291232350e-01 2.891626602564102555e+01
2.650000000000000000e+02 3.863402925478471439e-05 3.599709627141819412e-01 3.568078676859537945e-01 2.883613782051281760e+01 2.590000000000000000e+02 2.686298076923077005e+01 3.565636147291232350e-01 2.891626602564102555e+01
2.660000000000000000e+02 3.792887875145879289e-05 3.599664860427455038e-01 3.563711356658201823e-01 3.020833333333333215e+01 2.590000000000000000e+02 2.686298076923077005e+01 3.565636147291232350e-01 2.891626602564102555e+01
2.670000000000000000e+02 3.723659869529905963e-05 3.599682692112577964e-01 3.564233928918838501e-01 2.723357371794871540e+01 2.590000000000000000e+02 2.686298076923077005e+01 3.565636147291232350e-01 2.891626602564102555e+01
2.680000000000000000e+02 3.655695417417048230e-05 3.599661946145602531e-01 3.563032429187725780e-01 2.808493589743589780e+01 2.590000000000000000e+02 2.686298076923077005e+01 3.565636147291232350e-01 2.891626602564102555e+01
2.690000000000000000e+02 3.588971456356770099e-05 3.599699160143147725e-01 3.567207409785344008e-01 3.688902243589743080e+01 2.590000000000000000e+02 2.686298076923077005e+01 3.565636147291232350e-01 2.891626602564102555e+01
2.700000000000000000e+02 3.523465344835696305e-05 3.599662522210518856e-01 3.564472053295526521e-01 2.950721153846153655e+01 2.590000000000000000e+02 2.686298076923077005e+01 3.565636147291232350e-01 2.891626602564102555e+01
2.710000000000000000e+02 3.459154854594644681e-05 3.599664683879857385e-01 3.562834763374084224e-01 3.014823717948718240e+01 2.590000000000000000e+02 2.686298076923077005e+01 3.565636147291232350e-01 2.891626602564102555e+01
2.720000000000000000e+02 3.396018163085885179e-05 3.599687450625597140e-01 3.565051513604628464e-01 3.171073717948718240e+01 2.590000000000000000e+02 2.686298076923077005e+01 3.565636147291232350e-01 2.891626602564102555e+01
2.730000000000000000e+02 3.334033846068073592e-05 3.599677111108342542e-01 3.565441763553863774e-01 3.017828525641025905e+01 2.590000000000000000e+02 2.686298076923077005e+01 3.565636147291232350e-01 2.891626602564102555e+01
2.740000000000000000e+02 3.273180870336338526e-05 3.599661197725810835e-01 3.566837765467472665e-01 3.123998397435897445e+01 2.590000000000000000e+02 2.686298076923077005e+01 3.565636147291232350e-01 2.891626602564102555e+01
2.750000000000000000e+02 3.213438586585062526e-05 3.599689875076629852e-01 3.564569862225117070e-01 2.930689102564102555e+01 2.590000000000000000e+02 2.686298076923077005e+01 3.565636147291232350e-01 2.891626602564102555e+01
2.760000000000000000e+02 3.154786722400930768e-05 3.599665761560541521e-01 3.565206951819933634e-01 3.221153846153846700e+01 2.590000000000000000e+02 2.686298076923077005e+01 3.565636147291232350e-01 2.891626602564102555e+01
2.770000000000000000e+02 3.097205375383872244e-05 3.599672143563571458e-01 3.566049803525973561e-01 3.105969551282051100e+01 2.590000000000000000e+02 2.686298076923077005e+01 3.565636147291232350e-01 2.891626602564102555e+01
2.780000000000000000e+02 3.040675006393554937e-05 3.599690324906613670e-01 3.568130574929408438e-01 3.055889423076922995e+01 2.590000000000000000e+02 2.686298076923077005e+01 3.565636147291232350e-01 2.891626602564102555e+01
2.790000000000000000e+02 2.985176432919150387e-05 3.599655886377822744e-01 3.565684885550767791e-01 3.196113782051281760e+01 2.590000000000000000e+02 2.686298076923077005e+01 3.565636147291232350e-01 2.891626602564102555e+01
2.800000000000000000e+02 2.930690822570110126e-05 3.599675028685230260e-01 3.566679171262643333e-01 2.938701923076922995e+01 2.590000000000000000e+02 2.686298076923077005e+01 3.565636147291232350e-01 2.891626602564102555e+01
2.810000000000000000e+02 2.877199686685751693e-05 3.599651613276267925e-01 3.564684677582520833e-01 3.133012820512820440e+01 2.590000000000000000e+02 2.686298076923077005e+01 3.565636147291232350e-01 2.891626602564102555e+01
2.820000000000000000e+02 2.824684874061480076e-05 3.599654311576270249e-01 3.564740048769192704e-01 2.948717948717948900e+01 2.590000000000000000e+02 2.686298076923077005e+01 3.565636147291232350e-01 2.891626602564102555e+01
2.830000000000000000e+02 2.773128564789521564e-05 3.599668552062659788e-01 3.567845095426608326e-01 3.007812500000000000e+01 2.590000000000000000e+02 2.686298076923077005e+01 3.565636147291232350e-01 2.891626602564102555e+01
2.840000000000000000e+02 2.722513264212074121e-05 3.599671628991913952e-01 3.565743034466719030e-01 3.016826923076922995e+01 2.590000000000000000e+02 2.686298076923077005e+01 3.565636147291232350e-01 2.891626602564102555e+01
2.850000000000000000e+02 2.672821796984826837e-05 3.599662200164129855e-01 3.566741484862107625e-01 3.142027243589743435e+01 2.590000000000000000e+02 2.686298076923077005e+01 3.565636147291232350e-01 2.891626602564102555e+01
2.860000000000000000e+02 2.624037301248831818e-05 3.599649817166974963e-01 3.566266886698893912e-01 3.075921474358974095e+01 2.590000000000000000e+02 2.686298076923077005e+01 3.565636147291232350e-01 2.891626602564102555e+01
2.870000000000000000e+02 2.576143222908751574e-05 3.599641149110516247e-01 3.566103516480861324e-01 2.873597756410256565e+01 2.590000000000000000e+02 2.686298076923077005e+01 3.565636147291232350e-01 2.891626602564102555e+01
2.880000000000000000e+02 2.529123310015539793e-05 3.599683209366066894e-01 3.565786438874709030e-01 2.949719551282051100e+01 2.590000000000000000e+02 2.686298076923077005e+01 3.565636147291232350e-01 2.891626602564102555e+01
2.890000000000000000e+02 2.482961607251650386e-05 3.599640076491316121e-01 3.564006877251160721e-01 2.891626602564102555e+01 2.590000000000000000e+02 2.686298076923077005e+01 3.565636147291232350e-01 2.891626602564102555e+01
2.900000000000000000e+02 2.437642450516902155e-05 3.599686886005679654e-01 3.565159352161945683e-01 3.003806089743589780e+01 2.590000000000000000e+02 2.686298076923077005e+01 3.565636147291232350e-01 2.891626602564102555e+01
2.910000000000000000e+02 2.393150461613162736e-05 3.599661782440577440e-01 3.564616437905874236e-01 3.358373397435897800e+01 2.590000000000000000e+02 2.686298076923077005e+01 3.565636147291232350e-01 2.891626602564102555e+01
2.920000000000000000e+02 2.349470543026048648e-05 3.599695142608782539e-01 3.566490866434879892e-01 2.868589743589743435e+01 2.590000000000000000e+02 2.686298076923077005e+01 3.565636147291232350e-01 2.891626602564102555e+01
2.930000000000000000e+02 2.306587872801868768e-05 3.599641231378523654e-01 3.563805937002866853e-01 2.864583333333333215e+01 2.590000000000000000e+02 2.686298076923077005e+01 3.565636147291232350e-01 2.891626602564102555e+01
2.940000000000000000e+02 2.264487899518075848e-05 3.599651436879758859e-01 3.563513931555625791e-01 2.973758012820512775e+01 2.590000000000000000e+02 2.686298076923077005e+01 3.565636147291232350e-01 2.891626602564102555e+01
2.950000000000000000e+02 2.223156337345516068e-05 3.599650453894159274e-01 3.562809293850874304e-01 2.883613782051281760e+01 2.590000000000000000e+02 2.686298076923077005e+01 3.565636147291232350e-01 2.891626602564102555e+01
2.960000000000000000e+02 2.182579161200802898e-05 3.599659534914865233e-01 3.566017995278040753e-01 3.152043269230769340e+01 2.590000000000000000e+02 2.686298076923077005e+01 3.565636147291232350e-01 2.891626602564102555e+01
2.970000000000000000e+02 2.142742601987171006e-05 3.599663132837063184e-01 3.565409003924100984e-01 3.127003205128205465e+01 2.590000000000000000e+02 2.686298076923077005e+01 3.565636147291232350e-01 2.891626602564102555e+01
2.980000000000000000e+02 2.103633141922194065e-05 3.599644348912970360e-01 3.564481548009774681e-01 2.872596153846153655e+01 2.590000000000000000e+02 2.686298076923077005e+01 3.565636147291232350e-01 2.891626602564102555e+01
2.990000000000000000e+02 2.065237509950780835e-05 3.599637558553910877e-01 3.563151749280782932e-01 2.839543269230769340e+01 2.590000000000000000e+02 2.686298076923077005e+01 3.565636147291232350e-01 2.891626602564102555e+01
3.000000000000000000e+02 2.027542677241893658e-05 3.599643853642943703e-01 3.563674527865189900e-01 2.960737179487179560e+01 2.590000000000000000e+02 2.686298076923077005e+01 3.565636147291232350e-01 2.891626602564102555e+01
3.010000000000000000e+02 1.990535852767461012e-05 3.599671334859234073e-01 3.564987400403389350e-01 2.867588141025640880e+01 2.590000000000000000e+02 2.686298076923077005e+01 3.565636147291232350e-01 2.891626602564102555e+01
3.020000000000000000e+02 1.954204478961985193e-05 3.599620287371527727e-01 3.563305173928921210e-01 2.904647435897436125e+01 2.590000000000000000e+02 2.686298076923077005e+01 3.565636147291232350e-01 2.891626602564102555e+01
3.030000000000000000e+02 1.918536227461369262e-05 3.599630370452829853e-01 3.564504660092867594e-01 2.909655448717948900e+01 2.590000000000000000e+02 2.686298076923077005e+01 3.565636147291232350e-01 2.891626602564102555e+01
3.040000000000000000e+02 1.883518994919520251e-05 3.599629854672459772e-01 3.565956789713639608e-01 2.945713141025640880e+01 2.590000000000000000e+02 2.686298076923077005e+01 3.565636147291232350e-01 2.891626602564102555e+01
3.050000000000000000e+02 1.849140898901307310e-05 3.599636947700732836e-01 3.564848063083795315e-01 2.831530448717948900e+01 2.590000000000000000e+02 2.686298076923077005e+01 3.565636147291232350e-01 2.891626602564102555e+01
3.060000000000000000e+02 1.815390273850483283e-05 3.599627846471861181e-01 3.564215157276544588e-01 3.007812500000000000e+01 2.590000000000000000e+02 2.686298076923077005e+01 3.565636147291232350e-01 2.891626602564102555e+01
3.070000000000000000e+02 1.782255667131198203e-05 3.599617951496472124e-01 3.562665887368031137e-01 3.010817307692307665e+01 2.590000000000000000e+02 2.686298076923077005e+01 3.565636147291232350e-01 2.891626602564102555e+01
3.080000000000000000e+02 1.749725835141763676e-05 3.599658952730841466e-01 3.565033903488746270e-01 2.909655448717948900e+01 2.590000000000000000e+02 2.686298076923077005e+01 3.565636147291232350e-01 2.891626602564102555e+01
3.090000000000000000e+02 1.717789739499350863e-05 3.599629099302569801e-01 3.563971259655096535e-01 3.033854166666666785e+01 2.590000000000000000e+02 2.686298076923077005e+01 3.565636147291232350e-01 2.891626602564102555e+01
3.100000000000000000e+02 1.686436543294322351e-05 3.599620540068025898e-01 3.562898727563711399e-01 3.075921474358974095e+01 2.590000000000000000e+02 2.686298076923077005e+01 3.565636147291232350e-01 2.891626602564102555e+01
3.110000000000000000e+02 1.655655607412933824e-05 3.599650677619324890e-01 3.563892680865067830e-01 2.926682692307692335e+01 2.590000000000000000e+02 2.686298076923077005e+01 3.565636147291232350e-01 2.891626602564102555e+01
3.120000000000000000e+02 1.625436486927150551e-05 3.599664701255101962e-01 3.564427495002746582e-01 3.008814102564102555e+01 2.590000000000000000e+02 2.686298076923077005e+01 3.565636147291232350e-01 2.891626602564102555e+01
3.130000000000000000e+02 1.595768927550359652e-05 3.599634804955302303e-01 3.565948173785821185e-01 2.820512820512820440e+01 2.590000000000000000e+02 2.686298076923077005e+01 3.565636147291232350e-01 2.891626602564102555e+01
3.140000000000000000e+02 1.566642862157771967e-05 3.599613122084899253e-01 3.563261960561459052e-01 2.936698717948718240e+01 2.590000000000000000e+02 2.686298076923077005e+01 3.565636147291232350e-01 2.891626602564102555e+01
3.150000000000000000e+02 1.538048407370333433e-05 3.599638885456044046e-01 3.564970500958271615e-01 2.885616987179487225e+01 2.590000000000000000e+02 2.686298076923077005e+01 3.565636147291232350e-01 2.891626602564102555e+01
3.160000000000000000e+02 1.509975860200987747e-05 3.599644249080856118e-01 3.563872552835024576e-01 2.908653846153846345e+01 2.590000000000000000e+02 2.686298076923077005e+01 3.565636147291232350e-01 2.891626602564102555e+01
3.170000000000000000e+02 1.482415694762151221e-05 3.599614289323639915e-01 3.562321697290127265e-01 2.952724358974359120e+01 2.590000000000000000e+02 2.686298076923077005e+01 3.565636147291232350e-01 2.891626602564102555e+01
3.180000000000000000e+02 1.455358559033282922e-05 3.599633826691236993e-01 3.562400321929882763e-01 2.972756410256410220e+01 2.590000000000000000e+02 2.686298076923077005e+01 3.565636147291232350e-01 2.891626602564102555e+01
3.190000000000000000e+02 1.428795271687454060e-05 3.599628257925217567e-01 3.563465518064988236e-01 3.032852564102563875e+01 2.590000000000000000e+02 2.686298076923077005e+01 3.565636147291232350e-01 2.891626602564102555e+01
3.200000000000000000e+02 1.402716818975837639e-05 3.599612687212734863e-01 3.563284067771373409e-01 2.983774038461538680e+01 2.590000000000000000e+02 2.686298076923077005e+01 3.565636147291232350e-01 2.891626602564102555e+01
3.210000000000000000e+02 1.377114351669064361e-05 3.599603611895642041e-01 3.562565805056156498e-01 2.956730769230769340e+01 2.590000000000000000e+02 2.686298076923077005e+01 3.565636147291232350e-01 2.891626602564102555e+01
3.220000000000000000e+02 1.351979182054403243e-05 3.599624009451183326e-01 3.562864932494285708e-01 3.077924679487179560e+01 2.590000000000000000e+02 2.686298076923077005e+01 3.565636147291232350e-01 2.891626602564102555e+01
3.230000000000000000e+02 1.327302780987751363e-05 3.599649055489115845e-01 3.563772378823695797e-01 2.933693910256410220e+01 2.590000000000000000e+02 2.686298076923077005e+01 3.565636147291232350e-01 2.891626602564102555e+01
3.240000000000000000e+02 1.303076774999429686e-05 3.599631602584333900e-01 3.563869072076601974e-01 3.018830128205128460e+01 2.590000000000000000e+02 2.686298076923077005e+01 3.565636147291232350e-01 2.891626602564102555e+01
3.250000000000000000e+02 1.279292943452805113e-05 3.599593406243318250e-01 3.561477936231173258e-01 2.969751602564102555e+01 2.590000000000000000e+02 2.686298076923077005e+01 3.565636147291232350e-01 2.891626602564102555e+01
3.260000000000000000e+02 1.255943215754772629e-05 3.599587038707068309e-01 3.560825043763869990e-01 2.946714743589743435e+01 2.590000000000000000e+02 2.686298076923077005e+01 3.565636147291232350e-01 2.891626602564102555e+01
3.270000000000000000e+02 1.233019668617152434e-05 3.599635005223886797e-01 3.563844229166324151e-01 2.911658653846153655e+01 2.590000000000000000e+02 2.686298076923077005e+01 3.565636147291232350e-01 2.891626602564102555e+01
3.280000000000000000e+02 1.210514523368072186e-05 3.599633913491917525e-01 3.563617907273463614e-01 2.861578525641025905e+01 2.590000000000000000e+02 2.686298076923077005e+01 3.565636147291232350e-01 2.891626602564102555e+01
3.290000000000000000e+02 1.188420143312421577e-05 3.599601981115582716e-01 3.563035348286995307e-01 2.846554487179487225e+01 2.590000000000000000e+02 2.686298076923077005e+01 3.565636147291232350e-01 2.891626602564102555e+01
3.300000000000000000e+02 1.166729031140484976e-05 3.599623134229875121e-01 3.563345984006539569e-01 2.960737179487179560e+01 2.590000000000000000e+02 2.686298076923077005e+01 3.565636147291232350e-01 2.891626602564102555e+01
3.310000000000000000e+02 1.145433826383870339e-05 3.599604343771178883e-01 3.563464597249642596e-01 2.963741987179487225e+01 2.590000000000000000e+02 2.686298076923077005e+01 3.565636147291232350e-01 2.891626602564102555e+01
3.320000000000000000e+02 1.124527302917874516e-05 3.599609968024666262e-01 3.562240910071592936e-01 2.876602564102563875e+01 2.590000000000000000e+02 2.686298076923077005e+01 3.565636147291232350e-01 2.891626602564102555e+01
3.330000000000000000e+02 1.104002366509434163e-05 3.599606284170549508e-01 3.562476562383847245e-01 2.973758012820512775e+01 2.590000000000000000e+02 2.686298076923077005e+01 3.565636147291232350e-01 2.891626602564102555e+01
3.340000000000000000e+02 1.083852052409831849e-05 3.599592433380687795e-01 3.561642964680989398e-01 2.966746794871794535e+01 2.590000000000000000e+02 2.686298076923077005e+01 3.565636147291232350e-01 2.891626602564102555e+01
3.350000000000000000e+02 1.064069522991340644e-05 3.599619819750803917e-01 3.563147787100229280e-01 2.898637820512820440e+01 2.590000000000000000e+02 2.686298076923077005e+01 3.565636147291232350e-01 2.891626602564102555e+01
3.360000000000000000e+02 1.044648065427004699e-05 3.599601514212532050e-01 3.562170603336431984e-01 2.863581730769230660e+01 2.590000000000000000e+02 2.686298076923077005e+01 3.565636147291232350e-01 2.891626602564102555e+01
3.370000000000000000e+02 1.025581089412767926e-05 3.599636696892848375e-01 3.564462929199903596e-01 2.919671474358974095e+01 2.590000000000000000e+02 2.686298076923077005e+01 3.565636147291232350e-01 2.891626602564102555e+01
3.380000000000000000e+02 1.006862124931179615e-05 3.599641874526994245e-01 3.564789142364110930e-01 2.964743589743589780e+01 2.590000000000000000e+02 2.686298076923077005e+01 3.565636147291232350e-01 2.891626602564102555e+01
3.390000000000000000e+02 9.884848200559160473e-06 3.599594588024383479e-01 3.562006763158700462e-01 2.910657051282051100e+01 2.590000000000000000e+02 2.686298076923077005e+01 3.565636147291232350e-01 2.891626602564102555e+01
3.400000000000000000e+02 9.704429387963748772e-06 3.599614868939149392e-01 3.562107850343753102e-01 2.979767628205128460e+01 2.590000000000000000e+02 2.686298076923077005e+01 3.565636147291232350e-01 2.891626602564102555e+01
